-0.2155 1.7261 0
-0.1339 1.4668 0
-1.7449 -0.1615 0
1.2594 0.7204 0
1.5477 -0.3507 0
0.1530 -2.3581 0
-1.3978 0.5455 0
-0.6160 0.8680 0
-0.2920 0.5615 0
-0.8364 -1.0425 0
1.1039 0.5834 0
0.0210 0.8583 0
0.9116 1.1626 0
-0.3175 -0.7374 0
0.0585 0.3653 0
-1.3192 -2.2181 0
0.4184 1.2432 0
0.1374 -0.2475 0
0.1955 0.2230 0
-1.0051 0.2862 0
1.1994 0.4148 0
-0.1307 0.7691 0
0.6232 -1.0145 0
1.3178 0.8377 0
0.3582 0.4852 0
0.2425 -0.7239 0
0.6609 0.0566 0
1.1448 -0.5081 0
-0.7498 -0.8623 0
1.0602 -0.0247 0
-0.5321 -1.2514 0
2.5636 0.1109 0
-0.6154 -0.4565 0
1.1826 -0.2758 0
-1.0647 -0.0806 0
1.6437 1.2591 0
1.3335 -0.6660 0
-1.4332 -0.3723 0
-0.4088 0.0096 0
0.9248 -0.5559 0
-0.7669 -1.0906 0
0.7338 0.4138 0
0.8998 -1.2797 0
-0.4766 1.2906 0
0.4059 1.1824 0
0.9657 0.7361 0
-0.6109 -0.1133 0
0.3180 2.3495 0
0.7420 -0.0940 0
0.1863 0.4332 0
-0.1920 0.7335 0
1.1022 2.4644 0
1.5284 0.3167 0
-0.6139 -1.2022 0
1.0004 1.2352 0
1.5014 0.3286 0
0.0350 -0.0625 0
0.8425 -2.0470 0
-1.7295 -2.4695 0
-0.4346 -0.1166 0
1.2032 0.0500 0
0.5360 -0.1145 0
-0.4864 -1.0924 0
0.2565 -0.0293 0
-1.0551 -0.5569 0
-1.0676 -0.8491 0
1.2451 0.3768 0
0.5278 -0.9477 0
-0.5727 1.2226 0
-0.6814 -0.6220 0
0.6682 1.1780 0
1.2357 0.2230 0
-0.6171 0.3623 0
0.5138 -0.2156 0
-0.2305 0.7651 0
1.9678 -1.6730 0
0.0431 -1.5772 0
0.0745 -0.3062 0
2.0407 0.5439 0
-1.0609 1.5632 0
-1.5409 0.6977 0
1.8189 0.4074 0
0.7313 0.5527 0
-0.1120 0.3122 0
-1.4735 0.6005 0
-0.6591 0.8805 0
-0.2884 -0.0710 0
-0.1805 -0.7780 0
0.5644 -0.2254 0
-1.0114 -0.4286 0
-0.1510 0.4272 0
0.2289 -0.4425 0
0.3015 2.2613 0
-0.2525 -2.8058 0
-1.1293 -0.6429 0
1.1947 1.2353 0
-0.4809 0.2296 0
-0.0991 -1.2467 0
0.0904 0.3707 0
-1.0633 0.2391 0
1.1331 -1.7121 0
0.1933 0.7898 0
1.0320 -1.1110 0
-0.3864 0.0408 0
1.0613 1.9698 0
0.2297 1.2871 0
-0.1732 -0.3498 0
1.0867 1.6400 0
1.8855 -0.7150 0
-1.0011 1.6760 0
-2.1214 -0.2092 0
-0.6183 1.4105 0
0.1404 0.5399 0
0.1816 -0.2545 0
0.5871 -0.9370 0
-1.0412 -0.4306 0
-0.1940 -0.7289 0
0.1118 2.2135 0
-0.2699 0.9045 0
-0.3021 1.1707 0
-1.1502 0.9018 0
0.3555 0.4150 0
-1.2633 -0.4642 0
1.3644 -1.5292 0
-0.4075 0.4558 0
1.9670 1.2087 0
1.3715 -0.4671 0
0.1913 -0.7450 0
-0.3094 0.1098 0
-0.7600 1.3158 0
0.0415 -0.3691 0
-0.8857 1.2529 0
0.6488 -0.2995 0
-1.2150 0.7851 0
-0.1715 0.9407 0
0.0041 1.4052 0
-0.0655 1.5740 0
0.7897 -1.3556 0
-0.3056 1.5462 0
0.2687 -0.5336 0
0.0836 1.1448 0
0.3722 -0.1947 0
-1.6952 1.6757 0
-0.9299 1.0566 0
-1.5519 -0.5559 0
-0.8693 0.8531 0
-0.5808 0.5654 0
1.7412 0.1230 0
-0.8904 -0.3165 0
-1.0082 0.8380 0
0.6963 0.3029 0
-1.0608 -2.1983 0
-0.3574 -0.3293 0
-0.9795 -0.8982 0
-0.3792 0.7842 0
-2.0922 -0.4991 0
0.8980 -2.1804 0
-0.1614 0.0313 0
0.1032 1.8171 0
-0.0280 -0.6904 0
-0.4500 0.0400 0
-0.9184 -1.5451 0
-0.8079 -0.2861 0
1.6534 -0.6391 0
-0.6060 -1.3814 0
1.3401 0.3680 0
0.8055 0.4699 0
-0.7122 0.2077 0
-0.9884 0.4735 0
1.1980 2.5842 0
-0.8854 1.2349 0
0.8786 -1.1636 0
0.2444 1.3630 0
-0.6284 0.4415 0
-0.1583 0.3532 0
-0.7280 0.0918 0
0.4810 -0.5393 0
-0.8253 -0.0647 0
-0.5011 0.0365 0
-0.7557 0.8964 0
0.2713 -1.4094 0
1.4565 -0.8322 0
-0.3379 1.1508 0
-0.7938 2.0616 0
-2.3265 -2.8887 0
0.2237 -1.4356 0
0.0811 -0.8426 0
-0.3009 0.2893 0
0.0997 -0.2536 0
-0.4748 -0.2129 0
-0.6847 1.1794 0
-1.0642 0.2750 0
0.3320 -1.7767 0
0.3190 1.1340 0
-0.2197 0.6745 0
-0.0665 0.1613 0
0.8548 -0.1666 0
0.5656 -1.5520 0
0.1003 -1.7725 0
-0.4159 -0.6833 0
3.4141 1.5773 1
4.8596 1.6068 1
1.9394 -0.0853 1
2.9747 1.6648 1
3.7698 2.8735 1
3.7693 1.0788 1
1.7568 1.5765 1
2.0901 2.1340 1
2.7000 2.7139 1
2.4738 0.1471 1
3.6851 4.5728 1
3.6383 0.4418 1
1.5120 3.6023 1
2.8628 1.9888 1
2.4251 2.9922 1
3.2102 0.7948 1
2.4971 1.7099 1
2.5246 2.7424 1
2.1273 1.5700 1
4.6425 3.7394 1
4.9012 2.4184 1
3.8395 1.2022 1
2.2998 0.5113 1
3.4977 2.7182 1
3.5974 1.6735 1
2.6220 2.9540 1
1.9933 2.2080 1
4.2330 2.5370 1
3.4121 2.5178 1
3.4792 1.8699 1
1.3253 0.1370 1
3.2749 1.7682 1
4.8199 2.1483 1
5.1666 1.1742 1
4.4543 2.5160 1
4.3757 1.1747 1
2.2388 1.4889 1
4.5344 2.5320 1
4.2878 0.9392 1
4.6913 3.2846 1
2.4087 1.2860 1
2.9642 2.5761 1
2.8368 2.6477 1
1.8422 3.3439 1
4.2027 2.9025 1
1.9784 2.9826 1
1.9002 3.3989 1
1.7515 1.8049 1
3.8457 0.9616 1
1.0939 1.4804 1
2.5224 1.5390 1
3.1230 1.9211 1
3.0494 1.1180 1
2.5369 2.4098 1
2.0403 0.8323 1
2.9289 4.2212 1
5.1588 -0.3885 1
2.5223 1.8235 1
2.8395 1.9144 1
2.3584 1.7642 1
1.8017 0.3494 1
1.8505 1.9594 1
3.6099 4.3263 1
2.2968 2.9534 1
2.9157 1.6031 1
3.6592 1.8358 1
2.2110 1.2518 1
2.0038 0.9020 1
3.4335 2.1867 1
1.8662 0.4899 1
3.9314 1.7870 1
2.8442 1.8122 1
2.8456 1.0672 1
4.1343 3.0550 1
3.1216 -0.6145 1
3.0229 2.0252 1
3.6058 2.4716 1
4.2021 1.7851 1
0.6305 3.8020 1
4.9487 2.5672 1
1.3966 2.8380 1
2.9479 0.7743 1
3.7200 4.6411 1
3.1504 1.9835 1
1.9122 1.5853 1
4.8674 1.7125 1
2.4542 1.4855 1
3.3287 0.9087 1
3.4702 1.1899 1
3.6572 3.7192 1
2.4806 2.3425 1
3.8683 2.6953 1
3.5352 3.3154 1
0.5670 1.8544 1
2.0601 2.4078 1
4.3788 2.2719 1
2.4587 2.6250 1
5.3901 1.7978 1
2.8606 2.4800 1
2.9086 2.9928 1
1.8588 1.4694 1
0.6055 2.0963 1
3.2440 1.2831 1
2.1478 2.2870 1
5.7270 0.7191 1
3.4739 1.8047 1
0.4785 2.9083 1
3.1375 1.2655 1
2.8949 1.3801 1
4.3819 1.1571 1
1.3670 1.9512 1
2.2981 3.7622 1
2.7977 3.3299 1
2.8773 0.5500 1
5.3578 1.3530 1
2.5245 3.3084 1
4.2702 2.6039 1
3.5270 3.9948 1
4.7107 2.9900 1
3.2328 -0.1714 1
3.4186 1.5767 1
4.8726 1.9185 1
2.8231 1.7466 1
3.6549 1.7284 1
3.7413 3.4612 1
3.2345 2.8599 1
3.7808 2.7982 1
1.5571 1.3207 1
3.4826 2.5453 1
3.2158 -0.3727 1
2.0820 0.0697 1
4.7486 0.4761 1
3.1660 2.8616 1
2.1429 0.7409 1
2.8718 -0.1847 1
2.9015 1.3471 1
3.3975 -0.0198 1
3.6510 2.9929 1
2.1344 2.3797 1
2.9508 3.5934 1
3.7656 1.9286 1
1.2839 0.6578 1
2.5351 1.1640 1
2.3383 3.1411 1
3.1907 3.0213 1
3.0231 1.8770 1
2.3184 0.8111 1
3.1527 3.4107 1
2.9380 2.7512 1
2.0154 1.6762 1
2.9812 2.2295 1
2.9613 1.9809 1
2.7782 2.5063 1
3.4083 1.6094 1
2.1720 1.2385 1
4.7029 2.3315 1
3.9220 2.8245 1
3.0956 2.3448 1
3.4184 0.4950 1
3.4309 1.3251 1
2.2659 2.2885 1
5.7859 0.3125 1
0.9641 2.1032 1
1.0030 1.8568 1
0.9137 2.4497 1
2.9411 1.0727 1
4.2153 2.1900 1
3.6287 0.8262 1
3.3730 0.8589 1
5.3751 2.9252 1
3.1834 3.0919 1
3.1593 1.8215 1
3.1533 0.2045 1
2.5577 2.2252 1
2.2666 4.0924 1
2.6386 2.2522 1
4.9879 2.7951 1
5.1483 2.1611 1
1.4880 -0.4822 1
1.7508 2.2153 1
3.9363 2.9985 1
1.6659 1.3192 1
3.4488 -0.2237 1
2.0890 2.2181 1
3.1631 2.9239 1
3.0889 1.6655 1
2.0808 2.2910 1
2.6972 2.7536 1
1.6231 3.7778 1
2.2751 1.5810 1
3.7054 2.6355 1
3.5289 1.3807 1
0.8279 1.8109 1
3.6939 2.4266 1
3.9400 1.6171 1
2.1964 0.7838 1
3.5653 2.2138 1
2.9377 1.9155 1
2.7085 1.5835 1
3.6570 1.2155 1
