-3.4675 -1.3277 0
-3.5923 -1.8450 0
0.2591 1.5860 0
0.0848 0.2509 0
-0.5769 -0.8914 0
-0.5207 0.5243 0
-2.0597 -0.9425 0
-5.5159 -2.5046 0
-0.2572 -0.0613 0
-1.1417 -0.2225 0
-2.0783 -3.0449 0
1.0252 0.8752 0
-5.7468 -3.8531 0
2.4118 2.5947 0
2.5820 3.2048 0
-0.6646 1.2348 0
-3.3666 -0.9201 0
-1.1013 -0.1177 0
-2.4268 -1.4377 0
1.8099 0.5748 0
0.2375 -2.0228 0
-2.0825 -3.3353 0
-1.8630 -2.1050 0
2.1707 2.5746 0
1.3799 -0.4655 0
-1.8403 -1.6548 0
-1.1539 1.3152 0
1.2173 3.4307 0
-1.4604 -0.8682 0
3.6412 4.3838 0
-0.6544 1.6607 0
1.1087 -0.9163 0
1.1878 0.5468 0
-0.3769 -0.8045 0
-2.3340 -1.2518 0
-0.4717 2.2586 0
0.2597 -1.1522 0
-0.0763 1.9102 0
-2.7320 -1.4451 0
2.0213 0.9768 0
-0.3793 1.8604 0
-0.4857 0.4875 0
4.0821 0.7799 0
-0.2623 0.4856 0
-0.5387 0.0224 0
0.1389 0.4469 0
-0.4558 -0.9538 0
2.2331 1.8166 0
-0.3658 -3.7050 0
1.0177 1.0140 0
1.1506 3.4026 0
0.0691 0.5179 0
1.6791 0.8154 0
0.5235 -0.1515 0
1.5285 0.2227 0
0.1111 -1.9896 0
-2.1055 -1.5828 0
-0.0441 0.7936 0
2.2330 1.9776 0
1.8054 1.6994 0
1.8549 0.2002 0
1.4752 1.8763 0
2.1149 0.3457 0
-0.3964 0.1151 0
1.2002 -0.6861 0
-1.6987 -1.8139 0
-2.1055 -2.2975 0
-0.2370 -2.6232 0
0.9596 0.2816 0
-2.3210 -3.1668 0
2.3991 1.6013 0
1.2751 1.1938 0
2.3139 0.9236 0
0.4797 -2.7555 0
-1.7486 -0.4253 0
-0.2817 -2.6636 0
2.4952 2.2699 0
1.0863 -1.1718 0
-2.8799 -0.5315 0
1.3052 0.7752 0
-3.0160 -2.5887 0
-0.5714 -0.3382 0
3.9471 2.4731 0
-1.2243 -2.8815 0
-2.1362 -1.2663 0
0.9006 1.9605 0
-2.1521 0.5360 0
-0.3468 -0.1361 0
0.4117 3.1349 0
3.4150 3.5850 0
-0.8809 -0.2736 0
-0.6501 -0.7621 0
-3.3806 -1.7557 0
-3.2911 0.1635 0
1.2500 0.9493 0
0.6679 -1.2497 0
-1.6110 -2.2086 0
-0.4482 0.1177 0
0.7224 -0.6692 0
0.3006 -1.3069 0
0.2524 -0.3397 0
-1.2978 -0.5472 0
0.0243 0.9065 0
-1.5513 -0.6310 0
4.1090 0.4750 0
1.7199 -1.4806 0
0.6003 -1.5581 0
0.1769 -1.4997 0
4.6738 1.8150 0
1.1759 -1.7580 0
-1.0704 -0.7875 0
-3.1983 -1.2864 0
-1.4716 -3.1596 0
0.1846 1.2883 0
0.7330 0.9064 0
1.7991 2.5015 0
0.7496 -0.8149 0
-1.2251 -2.8857 0
-1.7089 -0.1009 0
0.1261 0.0042 0
-2.6259 -0.6850 0
0.6034 -0.3298 0
2.3453 1.3490 0
-1.1782 -3.7695 0
2.1613 0.1243 0
1.5300 1.6306 0
0.5006 -0.1442 0
-0.1934 0.0581 0
2.4906 2.6345 0
1.7929 0.8096 0
1.9237 0.0538 0
3.1157 2.8744 0
-0.2822 -1.0469 0
2.0223 2.4673 0
-1.8050 -2.0020 0
-2.4614 -2.9576 0
-0.2645 -0.4848 0
-1.5228 -0.8968 0
-1.5327 -1.3290 0
-2.0782 -0.7840 0
0.6445 0.0174 0
2.2495 3.8429 0
0.2137 -1.0751 0
-2.0980 0.3534 0
-1.4390 -0.4222 0
-2.0495 -1.4155 0
-1.3617 -2.1698 0
1.3607 -0.7917 0
0.6371 0.3737 0
0.8981 0.4963 0
2.7433 2.6561 0
-2.2352 -0.9670 0
-0.3774 0.6638 0
-0.0894 0.7779 0
-0.6134 -0.7489 0
4.3941 1.3424 0
-0.1799 -1.5767 0
-2.5529 0.2685 0
-1.0704 -1.3835 0
-2.6641 -0.4272 0
-0.8072 0.9136 0
-0.7513 -0.0721 0
1.8526 1.5087 0
1.4524 1.0351 0
0.5515 1.6113 0
2.1942 1.1799 0
-0.1970 -0.6956 0
0.1315 1.8327 0
-0.5255 1.4720 0
3.6824 -0.4067 0
-0.1786 -0.0113 0
-1.6925 -3.0894 0
0.4905 -1.0374 0
-1.2943 0.0854 0
0.1801 -0.9185 0
-1.5046 0.5521 0
-0.9817 -1.8056 0
2.0214 2.0670 0
-1.5023 -1.1401 0
1.8499 0.6340 0
-1.0146 -1.1574 0
2.4843 1.3761 0
-1.1109 -0.5376 0
0.4180 1.1109 0
1.3632 -0.3302 0
-1.2229 -1.6252 0
-0.6028 2.0293 0
-2.1548 -1.6919 0
1.6049 2.7817 0
0.4160 -0.3733 0
1.6430 4.1883 0
1.0966 3.1099 0
0.5467 -0.9427 0
-0.3554 -1.5314 0
1.4848 1.2728 0
1.2527 -0.0943 0
-0.4527 0.2491 0
-0.9498 -2.2365 0
1.3791 -0.4988 0
-2.8193 -1.0956 0
-0.4569 1.6720 0
1.4165 0.4385 0
0.9861 0.9312 0
-0.1828 -0.6797 0
-1.1655 -0.4856 0
-1.9923 -2.9707 0
-1.4401 -1.4601 0
-1.7641 -0.8718 0
2.7979 3.4979 0
1.5385 2.5398 0
-0.6461 -0.7601 0
-1.6464 -0.8123 0
-1.2414 -2.9249 0
-1.0152 -1.7834 0
-0.0147 -0.3016 0
-0.3278 0.3955 0
1.0832 -0.7348 0
-3.5471 -3.2454 0
-0.5311 0.9976 0
0.6949 0.0297 0
-2.7733 -3.0691 0
-4.4374 -1.1499 0
2.9055 0.8412 0
-0.8621 0.8195 0
1.3406 0.6694 0
1.1757 3.0868 0
1.8205 0.5605 0
-2.1049 -1.0066 0
0.4079 -0.9859 0
0.8503 0.0182 0
-0.5003 1.1835 0
0.0282 -1.6832 0
1.9707 2.5033 0
-0.4762 -1.3922 0
2.6754 0.3705 0
-1.6633 -0.8665 0
-1.2243 -0.3619 0
0.6263 0.8122 0
1.1349 0.4793 0
3.4465 3.3373 0
-1.3365 -0.2246 0
0.4869 2.7980 0
-1.5633 -2.6292 0
0.4569 1.5728 0
0.4330 -0.2350 0
1.0398 0.7271 0
-1.6880 -2.2988 0
-0.5592 0.8708 0
-2.1157 -2.4824 0
0.6866 1.1563 0
-0.4192 -1.6711 0
-3.6157 -4.4465 0
-0.9715 -1.9724 0
-2.8836 -0.0546 0
1.8302 -0.5791 0
-0.9967 -0.8739 0
1.3269 3.7823 0
1.5350 -0.1448 0
-3.1022 -2.7323 0
-1.2074 -0.4766 0
-3.5319 -3.2442 0
3.6086 -0.1882 0
-0.3140 1.9532 0
1.4434 0.6129 0
-2.7526 -1.9445 0
0.5715 1.0731 0
-0.4363 0.2697 0
-0.3701 0.0249 0
1.3053 2.4609 0
-1.3119 -0.4170 0
-1.0277 -1.0513 0
2.6680 -1.7853 0
1.8555 -2.3305 0
-1.1079 -0.0826 0
-0.9507 -1.2109 0
-2.3326 -0.3957 0
0.4555 0.3102 0
-2.1696 -1.8814 0
-3.5941 -3.9367 0
0.0352 -1.1836 0
-0.1419 -0.7991 0
3.9093 1.2025 0
-0.0207 -1.1954 0
0.2216 0.1236 0
-0.5069 1.8853 0
0.7764 -0.0509 0
0.9731 2.1607 0
-0.2090 1.5313 0
-0.4981 -1.1764 0
-1.0825 -0.3081 0
1.1353 1.4841 0
-0.6325 -0.5058 0
-0.8901 -1.0747 0
-4.3311 -0.7114 0
1.9576 -0.7233 0
-0.9655 -0.2972 0
0.5981 -1.1503 0
-1.2396 -0.0013 0
-0.0439 2.5845 0
0.7079 1.8495 0
2.8871 0.5743 1
3.0322 1.9170 1
5.6937 3.1278 1
4.9524 3.5480 1
3.0932 1.4294 1
4.8586 0.9421 1
3.0898 1.4577 1
3.7557 4.0441 1
2.8395 1.0130 1
4.0965 0.4699 1
3.3970 1.4419 1
3.5648 2.4944 1
2.0474 3.9319 1
4.4483 1.1515 1
1.9192 1.6465 1
1.7369 0.9794 1
4.0985 2.0785 1
3.7994 4.1962 1
2.9308 1.5064 1
3.0118 3.0801 1
3.2792 0.1896 1
2.3695 0.5767 1
1.9800 0.5044 1
3.5508 2.8603 1
2.8794 0.9759 1
3.1526 2.0495 1
2.0803 1.1893 1
2.9063 1.7556 1
2.4178 2.0156 1
3.1066 2.6595 1
4.1732 1.6660 1
3.4436 2.7251 1
1.3033 2.0245 1
2.6993 2.2844 1
5.0225 1.7543 1
3.7918 3.0097 1
3.5801 2.5900 1
1.8881 1.8981 1
3.0551 1.8595 1
2.3167 2.6734 1
2.9876 0.6650 1
2.4073 0.5733 1
1.5513 2.7061 1
3.4743 3.6386 1
1.7717 2.5378 1
3.5151 2.5781 1
3.7022 2.5739 1
3.0663 1.2566 1
4.0233 -0.4932 1
2.0133 2.1056 1
1.9730 2.2663 1
2.0636 3.4037 1
2.4519 1.1949 1
2.6142 2.3850 1
2.3407 0.7761 1
2.5977 0.8370 1
2.7262 1.7550 1
2.2759 2.6104 1
4.0014 0.1438 1
4.8124 2.0657 1
3.2608 0.6138 1
0.9078 3.8169 1
3.2350 3.2070 1
3.6436 0.8500 1
2.8785 2.0624 1
2.9993 1.8757 1
3.7235 1.1175 1
1.9790 1.5111 1
3.2719 1.3480 1
2.7513 2.8705 1
3.6186 1.4846 1
0.2265 0.7510 1
2.9025 2.4991 1
2.0434 2.4564 1
2.5455 2.4222 1
1.7004 1.7513 1
2.7744 2.4160 1
2.2629 2.1729 1
1.7939 1.5566 1
0.5808 1.3023 1
1.8826 2.4505 1
2.2556 2.3278 1
3.2803 1.6286 1
3.2033 4.1411 1
2.5760 0.7778 1
2.3874 2.2674 1
3.4799 1.8483 1
2.9109 1.8552 1
0.5202 2.5194 1
3.1389 2.4311 1
3.9632 2.6832 1
4.0789 2.0159 1
2.4736 2.5801 1
1.4618 3.2042 1
2.6665 2.3877 1
2.3189 2.0236 1
3.8205 1.0013 1
1.6759 1.8197 1
2.0196 3.4009 1
2.7495 1.8882 1
