-0.4022 -0.3238 0
-0.0995 3.0069 0
-4.4900 -3.9432 0
-1.2975 0.3051 0
0.4816 0.4385 0
-1.2778 0.1732 0
-4.3385 -1.8304 0
-1.8956 -0.2401 0
-1.9454 0.5593 0
0.4720 2.6690 0
1.3297 2.6985 0
-2.9694 -1.9756 0
-0.8275 0.9836 0
-0.5494 -0.4142 0
1.2918 1.5669 0
-1.3690 -1.4829 0
-1.7674 -1.6461 0
-1.2387 -0.8644 0
0.4187 1.4583 0
-0.0570 1.3786 0
1.2586 0.3560 0
3.8438 3.3812 0
-2.7140 -1.6271 0
1.4812 2.0341 0
-2.3480 -2.6462 0
-2.3375 -0.5992 0
2.1738 2.8974 0
2.0128 3.8154 0
0.8062 0.4698 0
-1.0189 -0.1717 0
-0.9134 -1.3523 0
-4.9642 -3.6213 0
0.1507 2.5976 0
-0.7546 -0.5789 0
-0.4559 0.9783 0
-2.2905 -0.7591 0
-2.0231 -0.2297 0
-0.6311 0.0744 0
-1.3533 0.7521 0
-0.6531 -1.3379 0
1.8329 1.8218 0
-1.9403 0.6473 0
3.1445 2.4637 0
2.3799 3.2511 0
-0.0499 1.7104 0
2.6718 4.0057 0
-0.1900 1.8590 0
-0.6796 -0.4196 0
1.2260 3.3626 0
0.7152 0.4265 0
0.8740 1.9432 0
-1.0371 -0.6925 0
-0.2570 0.2841 0
-2.9113 -2.6419 0
1.4466 1.3067 0
-0.7148 1.0474 0
-0.8729 0.0335 0
-3.4521 -1.7159 0
-2.3059 0.6055 0
1.5841 3.8039 0
-1.7568 -2.0497 0
-3.9897 -1.8261 0
-0.2112 -0.0359 0
-0.4637 1.8561 0
-1.4323 -1.5026 0
-4.4430 -2.5065 0
1.3345 2.6074 0
-1.0556 0.0434 0
-2.6216 -1.1815 0
-2.7974 -1.9575 0
-0.2698 0.6065 0
4.9920 5.7438 0
-3.2606 -2.9390 0
1.5197 2.9886 0
-5.7724 -5.2370 0
-1.6839 -1.1591 0
1.8200 2.3680 0
0.0678 0.7167 0
2.0437 1.7168 0
2.0612 2.9742 0
-1.4552 0.4967 0
-2.3430 -2.2169 0
0.6764 0.9348 0
2.1219 2.5485 0
3.0555 2.2550 0
-2.4190 -1.5021 0
0.4994 1.9674 0
-2.7709 -0.4546 0
-0.0934 1.0094 0
0.2097 0.5802 0
-3.0849 -1.7022 0
1.1987 2.1877 0
-2.0462 -1.2651 0
-1.8828 1.3534 0
1.1245 1.4734 0
-3.9623 -2.8712 0
-0.0217 -0.2791 0
-1.8576 -0.3475 0
-3.8940 -1.6247 0
-1.3454 -1.0002 0
0.7265 3.2014 0
-0.3962 1.7633 0
-2.3707 -1.6164 0
-3.8516 -2.8970 0
-3.5103 -2.7333 0
-0.3516 0.5615 0
-5.4888 -4.0703 0
-0.1981 -0.7672 0
1.0452 0.7914 0
3.6063 3.7588 0
-5.5494 -3.4114 0
-2.8222 -2.2814 0
1.0944 0.4395 0
-2.6263 -1.9528 0
-0.8659 0.7857 0
0.8024 2.7873 0
3.1216 2.5582 0
-3.1658 -1.8504 0
-0.3998 -1.3568 0
-3.2383 -0.9013 0
0.0188 0.5482 0
-4.1669 -3.9790 0
3.1608 4.6650 0
0.2962 2.0206 0
0.5803 1.2975 0
0.2768 0.5448 0
-1.7969 0.6235 0
0.9585 2.3308 0
0.3173 1.1635 0
-2.6938 -1.6898 0
-3.5070 -4.0263 0
2.8652 3.5443 0
-1.9312 0.0708 0
0.5085 1.4191 0
0.5895 2.4989 0
-2.9671 -1.7351 0
-0.7113 0.2044 0
1.9928 1.3706 0
-2.8331 -1.4223 0
-1.2531 -0.9656 0
1.0635 2.7974 0
-1.3242 -0.6190 0
-4.1891 -1.5822 0
-3.9762 -3.4937 0
-2.4817 -0.6088 0
0.7357 4.2712 0
-0.1498 1.6734 0
-2.9668 -0.7949 0
-0.1574 -0.1079 0
-1.1042 0.0751 0
0.7081 2.9785 0
3.0829 4.6573 0
-3.0150 -2.5682 0
2.5570 3.3945 0
-0.3841 0.1704 0
0.1012 4.0040 0
-0.3954 -0.0132 0
-0.0683 1.4525 0
-0.4426 -0.8384 0
-0.1251 1.2412 0
-0.3713 1.4211 0
-2.1189 -0.1726 0
-2.7934 -1.3531 0
-3.4938 -3.9143 0
2.6980 2.8359 0
-0.0736 0.6822 0
2.1748 4.4861 0
-1.0045 0.1454 0
1.5703 2.2646 0
-0.1641 1.0582 0
-3.1458 -2.1198 0
0.5807 1.8660 0
-0.7255 -0.6606 0
0.0101 -0.7905 0
0.5466 -1.4272 0
-0.3596 1.3743 0
0.1910 1.3227 0
-1.2127 -0.4974 0
2.2827 1.9954 0
0.6220 1.9761 0
-2.4071 -2.4598 0
0.6912 1.2622 0
-3.4707 -3.1463 0
-2.7820 -2.2211 0
0.0615 0.4893 0
0.0415 -0.0962 0
-0.1456 -0.1469 0
0.2110 -0.7412 0
0.6527 1.2956 0
1.0767 0.1549 0
-0.4126 -1.0071 0
-5.7268 -3.4505 0
-4.6404 -3.7079 0
2.2192 4.9910 0
-2.2321 0.5486 0
-3.6724 -2.3387 0
1.6184 1.7030 0
-0.5029 0.5399 0
-0.8192 0.4520 0
-4.8767 -2.0469 0
2.3387 2.4725 1
4.9763 2.1411 1
4.5197 1.3256 1
4.0907 1.8577 1
3.2985 1.5030 1
4.4304 1.6647 1
3.9352 1.7902 1
3.5400 0.8932 1
2.7292 2.1681 1
3.5929 0.7608 1
3.4325 2.4043 1
4.5102 0.3462 1
4.5504 0.1231 1
3.3901 2.8629 1
2.9306 2.9100 1
4.1232 3.8849 1
5.5941 2.3827 1
3.7619 3.2915 1
4.3702 2.7706 1
4.5187 2.2854 1
2.9129 2.9225 1
3.3928 3.4433 1
3.4708 2.1296 1
5.5399 2.4212 1
3.1764 2.9855 1
3.9405 2.7363 1
3.5769 2.2961 1
5.5627 1.9975 1
6.2588 3.3184 1
4.6183 2.1061 1
3.4459 2.6830 1
4.0370 2.3491 1
5.1908 1.5726 1
4.5801 -0.0193 1
5.2812 0.7300 1
3.9074 2.3283 1
4.3697 2.4516 1
4.5314 4.0734 1
5.3396 2.6857 1
2.1321 1.4685 1
5.6319 -0.1074 1
3.4841 1.3064 1
6.0932 1.4755 1
4.0879 1.3235 1
2.4200 2.0344 1
3.2035 1.0131 1
3.8169 1.2420 1
3.5941 1.0052 1
3.6255 2.1420 1
3.5651 2.8346 1
3.7525 3.1011 1
4.1917 1.1658 1
5.2591 2.1881 1
5.4508 3.5326 1
3.4636 2.6514 1
3.3258 1.4296 1
3.1725 3.8233 1
5.5163 3.4881 1
2.7333 2.6129 1
3.6519 1.3766 1
3.8853 2.2364 1
4.1319 0.9744 1
3.7027 2.7505 1
5.5272 2.5500 1
3.5149 3.8526 1
4.9113 1.7859 1
2.6883 0.0638 1
5.6771 2.9868 1
3.7172 2.3905 1
2.9336 3.1557 1
3.1186 1.0474 1
5.2874 1.2000 1
3.9536 3.1539 1
4.2301 3.2146 1
2.9453 1.9409 1
4.8343 2.3426 1
4.1283 1.6633 1
3.7617 1.5681 1
4.6757 0.8847 1
3.9583 2.4248 1
3.7962 2.7074 1
3.3595 2.9163 1
5.3736 1.4006 1
3.3740 0.4596 1
4.2822 4.1309 1
3.6851 1.9539 1
2.2026 1.2800 1
4.9023 3.1050 1
4.9187 3.2469 1
3.7690 1.5707 1
5.9132 1.2323 1
3.9220 1.9135 1
3.6187 1.7815 1
3.7885 2.2938 1
3.8450 3.0937 1
3.7317 1.8554 1
4.2573 0.4732 1
3.3211 2.7044 1
4.3590 2.0908 1
4.4194 0.8833 1
4.2089 1.3768 1
4.4101 3.6502 1
2.7592 3.5822 1
3.3866 2.5278 1
3.0348 1.6819 1
2.8607 3.2685 1
6.0618 1.4532 1
3.6706 3.2231 1
3.2116 0.7126 1
4.7106 2.0233 1
5.3123 2.0109 1
2.2756 3.9691 1
3.6463 2.6403 1
4.0615 0.7347 1
2.1939 3.2253 1
4.5924 3.8621 1
4.1799 2.1880 1
3.6087 0.3974 1
4.7323 1.7850 1
4.0320 2.1495 1
5.2974 1.8439 1
3.3337 2.0039 1
5.8989 2.3088 1
4.1286 1.6993 1
3.7011 0.9479 1
3.4578 2.1595 1
2.7764 1.8076 1
2.8090 1.1304 1
3.5540 1.9951 1
3.8897 3.3739 1
5.2512 1.7835 1
3.8084 1.2392 1
5.6350 3.1751 1
3.0124 1.9086 1
5.3442 1.6201 1
3.5472 2.9980 1
3.4151 4.1836 1
4.3623 1.5638 1
1.2305 2.8192 1
2.6548 2.3705 1
4.3557 2.5546 1
2.4737 1.3241 1
4.5340 2.6063 1
5.5131 1.2863 1
2.6418 0.4068 1
4.1219 3.0892 1
3.5025 1.4075 1
4.8350 2.0534 1
3.7417 1.5075 1
4.1041 1.7023 1
4.5234 1.2207 1
4.2462 1.2067 1
2.7340 2.7700 1
3.8747 1.3346 1
2.8653 1.5861 1
5.1918 2.2374 1
5.0536 2.6307 1
5.2221 2.1809 1
4.8071 0.2973 1
4.3285 0.0004 1
4.9149 4.6970 1
3.7545 3.4710 1
4.8851 1.7796 1
3.5295 2.5466 1
4.1672 2.1673 1
3.8722 1.6548 1
3.0937 0.4641 1
3.9026 2.3251 1
2.5788 1.2556 1
2.4030 2.7799 1
5.0666 1.4575 1
3.8879 2.3200 1
3.7502 2.5406 1
5.7907 3.0042 1
4.8083 3.8399 1
2.7311 2.3474 1
2.3482 3.7438 1
4.7349 1.9246 1
3.5451 1.4340 1
3.7230 0.4235 1
3.4998 1.4781 1
3.1441 1.4617 1
3.7355 2.2326 1
4.8142 1.6036 1
2.0225 1.7827 1
3.2110 1.9887 1
2.5276 1.1693 1
3.1341 2.3000 1
3.1779 1.1629 1
3.6497 2.2482 1
3.1990 0.4301 1
2.9942 1.9202 1
4.2205 3.3923 1
2.7200 1.1591 1
4.7828 1.1392 1
4.3025 2.6554 1
3.7649 2.6206 1
5.6079 2.6638 1
4.6172 3.3372 1
5.2680 3.5070 1
