1.9698 -0.1583 0
-1.3410 -0.5172 0
-0.9275 -0.0220 0
1.2467 0.5453 0
1.0228 -0.3755 0
0.7549 -1.6456 0
-0.9867 -1.2786 0
-0.9261 -0.4596 0
-1.4623 -1.3993 0
0.8473 0.2318 0
3.3588 1.4145 0
-1.9323 0.2459 0
-0.5125 -0.6255 0
-1.5576 0.2973 0
-0.0474 -0.3465 0
1.3176 -1.1959 0
-0.6504 -2.6768 0
0.9728 0.0943 0
-1.1463 1.0944 0
-0.8071 -0.8517 0
-0.1903 -1.6447 0
-1.4489 -0.8953 0
1.6005 -0.5302 0
0.6857 -0.5388 0
-2.5015 -1.7450 0
0.4475 -0.1867 0
0.4465 -0.1598 0
1.3189 -0.5528 0
2.0796 -1.2411 0
-0.0525 0.6251 0
1.3982 -0.5063 0
1.0579 -0.5032 0
2.1488 1.6131 0
0.0713 -1.0259 0
0.1987 -0.7191 0
0.7013 0.2174 0
-1.2139 0.8351 0
-1.8064 -1.0861 0
1.1697 0.0844 0
0.5092 -0.9270 0
1.1552 0.7895 0
-1.7257 -1.0415 0
1.4737 -0.2119 0
1.9539 -0.0684 0
-0.0668 -0.4378 0
-1.2558 -0.5364 0
-0.1312 -0.5226 0
-1.0176 -1.8349 0
1.2223 -1.1661 0
-0.8666 0.2664 0
0.7936 1.5288 0
1.2671 -1.3621 0
0.7991 0.2406 0
0.2469 1.9809 0
-1.1323 1.0681 0
-0.9968 -2.2896 0
1.7228 -2.5723 0
1.1141 1.0781 0
1.8356 -0.4627 0
-0.1549 0.4009 0
1.0610 -0.2988 0
-0.6902 -0.2772 0
0.8164 0.2001 0
0.3290 0.0057 0
-2.2055 -1.2526 0
0.8894 1.3125 0
1.0420 1.6590 0
0.7512 -0.0570 0
-0.8305 0.6368 0
-0.8347 -0.7720 0
0.9209 0.2618 0
0.4768 -0.8446 0
-0.3254 0.5591 0
-0.1314 1.1791 0
-0.0309 -0.5019 0
0.5038 -0.7555 0
1.8127 0.6371 0
1.7784 -0.2019 0
0.5256 0.1897 0
-0.1553 -0.3276 0
3.2391 0.3534 0
1.6072 -0.0040 0
-1.0846 0.1608 0
0.0643 0.1818 0
2.5205 0.5533 0
-0.1882 -1.0922 0
0.0340 -0.7075 0
-1.1749 0.4374 0
0.8699 1.3560 0
0.2373 1.7760 0
1.1674 0.0482 0
0.3954 -0.9750 0
3.1043 -0.2732 0
-0.9176 -0.9192 0
0.5667 1.3256 0
-0.3660 0.2580 0
-0.4496 -1.3646 0
0.2881 -0.1094 0
1.0004 -1.1475 0
0.2788 -1.9091 0
2.0103 -0.5858 0
0.8583 0.7349 0
-2.2445 0.7511 0
-0.7338 -0.1049 0
3.4611 1.7431 0
-3.2724 -0.7949 0
-0.0041 0.3546 0
-0.5480 -0.3562 0
0.9275 0.2779 0
2.8892 -1.4086 0
-1.2759 -1.1470 0
-0.8932 0.9588 0
-1.0559 -1.1808 0
0.3463 -1.4012 0
0.3781 0.8056 0
1.1843 -2.8436 0
3.8362 -0.0724 0
-1.4053 -0.5299 0
0.6399 -1.4688 0
0.8779 -2.3560 0
-0.2769 0.7565 0
1.3600 1.1157 0
1.4636 0.2133 0
0.6651 -0.0610 0
-1.8491 0.0249 0
2.1494 -2.4904 0
-0.9399 0.1602 0
0.4125 -0.7789 0
-1.2664 -2.4651 0
1.9658 -1.2510 0
0.1028 -0.7736 0
-2.4411 -0.9969 0
0.6858 0.4205 0
1.7955 -0.9182 0
-0.1192 -0.8574 0
-0.9431 -0.2671 0
0.3206 -0.1817 0
0.5159 0.2093 0
1.5529 -1.8535 0
0.5095 -0.6550 0
2.2156 1.0509 0
1.4750 -1.6640 0
0.7765 -0.7939 0
2.7869 0.7436 0
1.7776 0.8677 0
1.4986 1.0474 0
-0.1195 -0.2637 0
1.3200 0.9262 0
-0.1078 -0.7284 0
-0.0455 -1.3701 0
2.3045 0.2049 0
0.2917 0.1675 0
0.0924 0.9199 0
2.1497 0.8216 0
-0.1605 0.9646 0
0.2454 0.0438 0
-2.1533 -0.1437 0
-0.2467 -0.7945 0
0.7291 -1.7784 0
1.5082 0.7221 0
2.9509 0.5712 0
0.3757 0.1522 0
3.3785 -1.4206 0
-1.0716 -0.5253 0
-0.4837 1.1338 0
0.7602 -2.0795 0
0.7249 0.6754 0
1.1691 -0.3156 0
0.9615 1.3863 0
-0.7667 -2.3491 0
-1.9509 -1.6480 0
-1.9844 -2.1937 0
-0.8875 -1.1471 0
0.4908 0.6752 0
1.4482 0.3759 0
-0.2321 0.7809 0
-1.8812 1.0074 0
-0.0271 0.0601 0
1.4869 -0.6886 0
2.3955 0.1002 0
0.2773 -0.2416 0
0.0492 -1.6724 0
-1.9884 -0.5841 0
-1.1088 -0.3026 0
1.8025 -0.1630 0
5.0330 1.2681 0
0.2863 0.9461 0
2.9625 0.4040 0
1.2477 -1.2480 0
2.8426 -0.7191 0
-1.1204 0.3302 0
2.5455 0.2009 0
-0.2417 -0.0819 0
2.7659 -0.1702 0
2.2372 1.2911 0
-3.0971 -1.2459 0
3.2753 1.3820 0
-2.0434 0.5647 0
0.1356 0.2255 0
0.1839 0.4284 0
-0.6168 -1.2581 0
1.4031 -0.2893 0
0.7713 0.0657 0
-0.7220 -1.8367 0
-0.7272 -0.7357 0
4.5885 0.5363 0
0.7394 0.4110 0
-0.3184 -0.4330 0
1.3893 0.9930 0
1.7456 -1.0358 0
1.5299 -0.4499 0
0.7732 -0.5694 0
0.8173 0.6248 0
-0.7441 -0.0151 0
1.1010 -0.6965 0
0.8599 -0.2461 0
-0.5988 -0.7828 0
2.3897 -0.5085 0
-1.7155 -1.7403 0
2.3324 0.0177 0
-1.9742 -0.7895 0
0.4959 -1.7676 0
2.5854 0.3753 0
1.0369 0.3359 0
1.7643 1.1965 0
-0.9927 -2.1505 0
0.2304 -0.5521 0
-1.5643 -0.5474 0
-0.8064 -0.6376 0
-0.4822 1.6471 0
-1.9544 -2.5654 0
-0.0920 -0.1242 0
2.1899 -0.4950 0
-0.0016 0.6110 0
-0.1206 -0.7879 0
2.5111 -1.7229 0
-1.4997 -1.3071 0
1.6091 0.4427 0
0.6237 -0.1823 0
-0.2898 -0.9019 0
2.0076 0.0760 0
0.6870 -1.2297 0
2.3049 -0.7408 0
-0.9886 0.7632 0
-1.0379 -1.5333 0
1.7913 -1.1114 0
-1.9309 -1.3544 0
0.6739 -0.6247 0
0.5351 -1.2322 0
1.5960 -0.8027 0
3.7247 0.9460 0
-0.7744 0.4108 0
-1.9113 0.0758 0
0.4617 0.3289 0
1.0362 0.7361 0
1.4939 -2.2349 0
0.5282 -0.1314 0
2.0133 0.6903 0
-0.8555 -1.7242 0
-0.7732 0.3092 0
1.9352 -0.2427 0
2.1685 -0.3129 0
0.2715 0.8955 0
1.7861 -1.3885 0
5.0448 0.3937 0
2.2795 0.4773 0
0.5865 -1.7528 0
0.0502 -0.5348 0
0.9852 -0.5829 0
-0.9878 -0.0213 0
-0.0546 0.7900 0
0.4162 -0.0854 0
-0.1754 -0.6558 0
1.7214 1.8895 0
-0.4795 -1.7624 0
2.1400 -0.8046 0
2.5267 0.7211 0
-1.6883 -0.4215 0
-1.5618 -1.1867 0
0.3711 -1.1564 0
0.1956 0.7829 0
-0.7533 0.4667 0
0.8338 0.7993 0
-1.6612 -0.2387 0
2.3614 0.5961 0
0.3320 -0.9143 0
2.1414 -0.5525 0
-1.1320 -0.5199 0
-1.3648 -2.5020 0
-0.4967 1.1139 0
-1.9095 -1.4031 0
-1.9930 0.1964 0
-1.1993 -0.4579 0
-1.1390 0.2553 0
2.0285 -2.4613 0
-1.3611 0.3443 0
-0.4459 -0.8537 0
1.4503 -1.4902 0
-1.7536 -0.8967 0
-0.6056 -0.8388 0
-0.3379 0.9216 1
1.7626 4.1946 1
2.2195 1.6104 1
2.7859 1.4001 1
0.9296 1.8387 1
2.1579 1.4831 1
2.5286 2.0485 1
4.0662 3.5096 1
2.7643 3.6043 1
2.5320 2.9532 1
1.8860 1.9105 1
1.2935 1.8486 1
4.3135 0.9775 1
1.7786 0.2693 1
2.1100 2.9022 1
0.7175 2.7705 1
1.3592 2.1120 1
2.7253 2.4459 1
3.0471 2.4693 1
1.9140 2.0593 1
1.6712 3.5411 1
2.2892 0.4839 1
3.8554 0.9820 1
1.6688 2.4372 1
1.1686 0.1630 1
1.8337 1.6934 1
1.7414 2.2736 1
3.5485 1.3677 1
3.1552 2.6728 1
0.9644 2.4852 1
2.1395 0.9980 1
-0.2762 1.5537 1
1.4492 -0.1897 1
0.5959 0.2155 1
-0.2056 1.5086 1
2.2089 0.6903 1
2.9815 1.5054 1
1.3208 2.5526 1
1.6102 1.1707 1
1.6221 1.2571 1
5.7445 2.6533 1
2.6745 2.6854 1
0.8078 2.2264 1
3.5488 2.2482 1
2.3208 1.5085 1
2.2375 2.4456 1
1.7114 2.2928 1
1.4495 3.4107 1
1.3698 1.3479 1
4.3151 3.2799 1
3.5848 2.1811 1
2.6776 2.3930 1
2.5059 2.0869 1
3.0352 2.8917 1
1.5656 2.2217 1
2.9414 -0.1467 1
1.2881 0.4370 1
1.8846 4.8243 1
0.8480 1.1693 1
1.3087 1.7023 1
0.7698 1.3520 1
2.1387 0.5994 1
2.7755 0.1180 1
3.0741 1.8745 1
2.6316 3.6502 1
3.2224 2.5917 1
2.1916 3.8808 1
1.6494 1.7833 1
3.0334 3.1610 1
0.7493 2.2853 1
3.5239 2.2471 1
2.3343 2.3517 1
3.3644 2.2997 1
2.4423 3.6217 1
2.0611 1.3680 1
0.1652 2.1994 1
1.3653 1.2006 1
2.9827 3.9489 1
2.0831 2.4319 1
2.7348 0.9047 1
3.1854 1.6361 1
4.7339 2.4019 1
1.7556 1.8494 1
1.5055 1.6257 1
1.6086 3.5640 1
2.1249 2.1452 1
2.2601 2.3435 1
1.4153 1.5231 1
2.9155 3.0121 1
2.0925 1.9580 1
2.1895 2.7570 1
2.5702 2.1397 1
0.5624 -0.0677 1
2.5621 1.3621 1
3.1156 1.8813 1
-0.2665 1.0452 1
1.8163 1.8673 1
0.8387 0.5085 1
1.8425 1.9699 1
3.1210 2.2110 1
0.7303 3.0655 1
0.9593 2.9402 1
0.7431 0.6554 1
2.5217 3.3964 1
3.4302 2.8443 1
3.6246 0.4447 1
0.5624 1.3988 1
0.9658 2.1778 1
1.4140 2.1901 1
2.0135 0.6747 1
2.4879 3.1901 1
1.4685 2.6202 1
1.9684 3.4630 1
2.2233 1.2559 1
1.8124 2.2990 1
2.3877 -0.4951 1
1.5325 3.1720 1
2.2651 1.9223 1
2.0100 2.2952 1
1.0339 1.4930 1
2.6700 3.1386 1
1.4072 2.4503 1
3.1333 1.7240 1
2.4924 3.5204 1
1.9695 2.5948 1
2.6511 1.6604 1
2.4789 2.5061 1
3.2166 2.4491 1
1.9661 0.8629 1
2.8421 2.7304 1
2.3841 0.7420 1
3.9273 3.8865 1
1.8118 1.2439 1
3.0978 2.6396 1
1.2216 1.1921 1
2.4774 4.0475 1
3.4645 2.4708 1
1.1207 0.7265 1
1.6752 1.7184 1
3.0757 2.2602 1
2.0984 0.6898 1
2.3078 2.8095 1
3.5182 1.7320 1
0.8047 2.5741 1
1.5616 3.1202 1
2.2828 3.2003 1
1.5962 1.4891 1
0.7481 3.8815 1
2.6384 2.4571 1
1.8687 2.4370 1
1.3821 2.3819 1
1.2860 4.5157 1
2.9891 3.3014 1
2.2889 0.7190 1
1.9913 3.5769 1
2.9604 3.2907 1
2.0672 1.9806 1
3.9633 1.1504 1
2.2284 -0.9618 1
1.7357 1.6112 1
2.9059 2.8839 1
2.4909 2.2973 1
2.3182 0.8864 1
2.2187 2.1602 1
1.5331 0.8629 1
1.7100 0.6481 1
2.7299 3.1441 1
3.0163 1.7038 1
0.7732 2.4584 1
1.8660 1.0806 1
1.7689 3.3022 1
2.8208 3.0289 1
1.2878 1.8203 1
2.5381 2.2103 1
1.3320 2.3771 1
4.6016 2.2080 1
3.0404 0.9179 1
2.2536 1.8366 1
3.2433 3.8231 1
0.1753 2.3543 1
0.3537 1.4053 1
3.1576 3.5703 1
2.2172 2.9057 1
1.7134 2.1412 1
0.4682 1.3842 1
0.9243 2.1562 1
1.8206 1.7465 1
2.3559 1.3239 1
2.5837 2.2391 1
1.4853 0.9843 1
1.6096 2.1948 1
2.4609 1.8494 1
0.7915 3.8077 1
3.5942 -0.1572 1
1.5302 0.7500 1
2.1426 3.7140 1
1.4786 1.8227 1
2.7186 1.0507 1
1.8339 2.3252 1
1.0187 1.4187 1
0.1331 0.2879 2
-0.8067 2.7898 2
0.0320 0.8890 2
-1.3864 2.0408 2
0.0613 3.9698 2
-0.7703 3.2871 2
-1.1732 1.6502 2
0.0867 3.6400 2
0.8855 1.2850 2
-2.0011 3.6760 2
-3.1214 1.7908 2
-1.6183 3.4105 2
-0.8596 2.5399 2
-0.8184 1.7455 2
-0.4129 1.0630 2
-2.0412 1.5694 2
-1.1940 1.2711 2
-0.8882 4.2135 2
-1.2699 2.9045 2
-1.3021 3.1707 2
-2.1502 2.9018 2
-0.6445 2.4150 2
-2.2633 1.5358 2
0.3644 0.4708 2
-1.4075 2.4558 2
0.9670 3.2087 2
0.3715 1.5329 2
-0.8087 1.2550 2
-1.3094 2.1098 2
-1.7600 3.3158 2
-0.9585 1.6309 2
-1.8857 3.2529 2
-0.3512 1.7005 2
-2.2150 2.7851 2
-1.1715 2.9407 2
-0.9959 3.4052 2
-1.0655 3.5740 2
-0.2103 0.6444 2
-1.3056 3.5462 2
-0.7313 1.4664 2
-0.9164 3.1448 2
-0.6278 1.8053 2
-2.6952 3.6757 2
-1.9299 3.0566 2
-2.5519 1.4441 2
-1.8693 2.8531 2
-1.5808 2.5654 2
0.7412 2.1230 2
-1.8904 1.6835 2
-2.0082 2.8380 2
-0.3037 2.3029 2
-2.0608 -0.1983 2
-1.3574 1.6707 2
-1.9795 1.1018 2
-1.3792 2.7842 2
-3.0922 1.5009 2
-0.1020 -0.1804 2
-1.1614 2.0313 2
-0.8968 3.8171 2
-1.0280 1.3096 2
-1.4500 2.0400 2
-1.9184 0.4549 2
-1.8079 1.7139 2
0.6534 1.3609 2
-1.6060 0.6186 2
0.3401 2.3680 2
-0.1945 2.4699 2
-1.7122 2.2077 2
-1.9884 2.4735 2
0.1980 4.5842 2
-1.8854 3.2349 2
-0.1214 0.8364 2
-0.7556 3.3630 2
-1.6284 2.4415 2
-1.1583 2.3532 2
-1.7280 2.0918 2
-0.5190 1.4607 2
-1.8253 1.9353 2
-1.5011 2.0365 2
-1.7557 2.8964 2
-0.7287 0.5906 2
0.4565 1.1678 2
-1.3379 3.1508 2
-1.7938 4.0616 2
-3.3265 -0.8887 2
-0.7763 0.5644 2
-0.9189 1.1574 2
-1.3009 2.2893 2
-0.9003 1.7464 2
-1.4748 1.7871 2
-1.6847 3.1794 2
-2.0642 2.2750 2
-0.6680 0.2233 2
-0.6810 3.1340 2
-1.2197 2.6745 2
-1.0665 2.1613 2
-0.1452 1.8334 2
-0.4344 0.4480 2
-0.8997 0.2275 2
-1.4159 1.3167 2
