-0.3658 -0.8819 0
-3.5957 -1.1602 0
3.1555 -2.8784 0
0.6027 -0.6626 0
-1.3387 0.8500 0
-1.0895 -1.6568 0
3.3330 -0.5168 0
2.5121 0.1883 0
1.0707 0.8635 0
1.9306 -2.6719 0
-1.3848 3.2424 0
-0.7091 -2.5176 0
3.5992 2.3669 0
0.8078 -0.1853 0
1.6459 1.3131 0
0.1975 -1.9300 0
1.6624 -0.4940 0
1.4582 0.9421 0
2.5072 -0.6078 0
-3.4064 1.8667 0
-3.8009 -0.0357 0
-1.2633 -1.4999 0
2.2686 -2.1247 0
-0.7101 0.6932 0
-0.7880 -0.7881 0
1.2118 1.2162 0
2.7179 0.3130 0
-2.3260 0.2776 0
-0.4914 0.4322 0
-0.5516 -0.4877 0
4.4952 -2.4322 0
-0.0814 -0.5845 0
-3.5821 -0.3950 0
-4.2213 -1.8323 0
-2.8171 0.1994 0
-2.4561 -1.6569 0
2.2695 -0.7457 0
-2.9981 0.2041 0
-2.2273 -1.9663 0
-3.4524 1.2206 0
1.9185 -1.0666 0
0.5002 0.6127 0
0.7747 0.7408 0
2.8981 1.9330 0
-2.3090 0.7949 0
2.6442 1.3983 0
2.7611 1.9971 0
3.3134 -0.1966 0
-1.2438 -1.8373 0
4.8258 -0.5046 0
1.6297 -0.7383 0
0.2364 -0.3374 0
0.5117 -1.4430 0
1.4768 0.4748 0
2.8033 -1.6190 0
0.3514 2.9184 0
-3.9876 -4.0135 0
1.5905 -0.3410 0
0.8700 -0.2840 0
1.9645 -0.3876 0
3.4026 -2.2408 0
3.0710 -0.0027 0
-1.1828 2.9147 0
1.9375 1.2871 0
0.7431 -0.7357 0
-0.9484 -0.5750 0
2.3643 -1.0707 0
2.8751 -1.5135 0
-0.4934 -0.0350 0
3.2392 -2.0589 0
-1.5491 -0.7033 0
0.8738 -0.4278 0
0.9736 -1.4688 0
-2.1775 1.0230 0
0.5903 -3.8789 0
0.4454 -0.1699 0
-0.9173 0.3248 0
-2.1531 -0.7659 0
5.5391 2.8408 0
-3.9276 0.1617 0
3.9624 1.3249 0
0.7858 -1.9006 0
-1.4721 3.3301 0
0.1666 -0.2563 0
2.9851 -0.5388 0
-3.6278 -1.0142 0
1.7892 -0.7980 0
-0.0827 -1.7970 0
-0.4373 -1.4354 0
-1.2044 2.0562 0
1.6118 0.3931 0
-1.5339 0.5793 0
-0.8764 1.5191 0
5.9500 0.1343 0
2.5413 0.5773 0
-2.6147 -0.1250 0
1.6217 0.7927 0
-4.8061 -1.0106 0
0.7446 0.5013 0
0.5668 1.2070 0
3.1202 -0.6890 0
5.8307 0.4637 0
0.0547 -1.2553 0
2.3622 0.3892 0
-5.4089 -2.5918 0
-0.5307 -0.5776 0
6.0019 1.6260 0
0.2947 -1.2564 0
0.8202 -1.0427 0
-2.4675 -1.6828 0
4.1513 0.0928 0
1.8228 2.4167 0
0.7675 1.7023 0
0.9744 -2.1983 0
-4.6725 -1.6247 0
1.3803 1.7328 0
-2.4184 0.3629 0
-0.9520 2.4700 0
-3.4548 0.8048 0
0.2807 -3.2846 0
-0.3758 -0.8838 0
-3.6680 -0.7276 0
0.9298 -0.5148 0
-0.9240 -0.7242 0
-1.3565 1.6772 0
-0.1422 0.9493 0
-1.3531 0.7424 0
3.8141 -0.8300 0
-0.6524 0.4550 0
0.3466 -3.5619 0
2.8157 -2.6935 0
-3.1917 -2.7151 0
0.0104 0.9668 0
2.5870 -1.7694 0
1.0884 -3.2234 0
0.8102 -1.0903 0
-0.1078 -3.1092 0
-1.0903 1.0431 0
2.3794 0.5217 0
0.3893 2.0367 0
-1.1988 -0.4689 0
4.5156 -1.6956 0
1.6533 -1.2649 0
1.8189 1.5402 0
-0.0668 1.1844 0
0.4656 -0.3769 0
2.1856 -1.7101 0
-0.0359 1.7368 0
0.5345 0.8631 0
2.7422 -0.4347 0
0.5102 0.1248 0
0.5891 -0.2181 0
0.9249 0.5562 0
-0.3571 -0.8359 0
2.4532 -1.0807 0
-3.3463 -0.1133 0
-1.6717 0.7479 0
0.2390 0.2606 0
-0.2257 -2.3946 0
-0.3683 -1.2379 0
2.0985 0.3652 0
-5.4842 -3.1728 0
5.0293 0.3941 0
4.9768 0.0413 0
5.0940 0.8892 0
0.7597 -1.4822 0
-2.2387 -0.2032 0
-0.7407 -1.9785 0
-0.1746 -1.8764 0
-4.9287 0.5675 0
-0.0603 1.2847 0
0.1693 -0.4845 0
0.4063 -2.7420 0
1.4561 0.2123 0
1.8474 2.8848 0
1.2717 0.2322 0
-4.0465 0.4714 0
-4.3169 -0.4498 0
4.2179 -3.3332 0
3.2581 0.3767 0
-1.7278 0.9879 0
3.5717 -0.8561 0
-0.1940 -3.4054 0
2.5031 0.3060 0
0.0083 1.0545 0
0.3480 -0.6869 0
2.5113 0.4097 0
1.0715 0.9196 0
3.3271 2.5876 0
2.1757 -0.6251 0
-1.1622 0.5318 0
-0.5947 -1.1820 0
5.3739 0.0159 0
-1.1075 0.2425 0
-1.5449 -0.9426 0
2.4617 -1.7213 0
-0.7912 -0.0263 0
0.6507 -0.3043 0
1.2081 -0.7174 0
-0.8577 -1.4410 0
-3.0934 1.5784 0
-3.5082 1.1459 0
1.6724 1.2395 0
0.7207 -0.0125 0
-0.5055 -0.6132 0
0.4004 0.8325 0
-1.7280 0.6936 0
-5.4550 2.2138 0
0.2561 -0.0288 0
-0.5527 0.6126 0
-3.0212 -1.5128 0
1.8559 -0.2153 0
-6.4604 0.9996 0
4.0155 0.3306 0
4.5231 0.8195 0
0.7167 1.7159 0
-2.7646 1.9169 0
-0.4565 0.6864 0
-2.3241 0.5069 0
2.3038 -1.2532 0
-0.5389 -2.5574 0
-3.2011 -1.8160 0
-2.2768 -0.7164 0
3.8095 0.5305 0
1.3258 -1.9588 0
-1.9848 -0.2610 0
0.3723 2.2501 0
3.5638 2.3110 0
-1.2014 0.2222 0
6.0911 1.0943 0
0.9838 2.1569 0
0.8338 -2.1867 0
1.7869 -0.7119 0
-0.2920 -0.7050 0
-2.1366 0.6183 0
1.4941 2.6216 0
0.0082 -1.6570 0
1.6000 1.8903 0
-2.5738 0.7792 0
2.7181 -1.0222 0
1.3262 2.1157 0
0.4060 0.7613 0
4.2543 -3.1219 0
0.5844 0.5544 0
0.0807 0.3182 0
0.8833 0.1452 0
-0.4461 -0.7904 0
3.3988 -0.3284 0
-2.0464 -3.7827 0
1.9342 -0.0617 0
3.4932 2.3425 0
0.8704 0.2843 0
2.3450 -0.8787 0
0.8285 -0.8408 0
1.8637 -1.3674 0
-0.6203 -2.4062 0
-2.1541 0.0585 0
0.9471 0.6798 0
3.4967 -0.1580 0
2.9839 -0.0598 0
2.1122 -1.6908 0
2.8261 0.4305 0
2.4096 -1.7756 0
0.2515 0.2855 0
1.0473 -2.0272 0
-1.9677 -0.5593 0
-2.5887 -0.6974 0
-1.2852 -2.7567 0
1.4423 -0.7829 0
-3.2903 -1.4190 0
3.4013 -0.7085 0
2.2504 -0.1077 0
2.9209 -1.3470 0
-0.7897 -3.5546 0
-1.1637 0.9552 0
-1.3457 -2.7585 0
3.8851 -0.0896 0
0.6605 -2.4363 0
-2.1372 1.8811 0
2.0201 -0.5781 0
-3.4973 -0.1696 0
-0.1647 -0.0332 0
5.1752 -1.2073 0
-2.2356 -2.1237 0
-1.9864 0.4214 0
2.4156 1.0469 0
-0.9035 2.3421 0
0.1386 -0.0256 0
2.7366 2.7376 0
5.4236 0.4571 0
-0.3742 0.3191 0
-0.4857 -0.4093 0
-3.2839 1.0460 0
-2.0452 2.9937 0
2.0816 -0.3434 0
0.2769 -2.1347 0
-2.1373 -1.0571 0
0.2114 0.3358 0
0.6736 -1.5708 0
-0.0530 -1.8581 0
2.0664 1.5861 1
2.7915 2.5820 1
1.5426 2.5932 1
2.9347 2.7112 1
0.1150 -0.6902 1
2.0403 -0.2578 1
2.5283 0.5102 1
2.6695 0.8597 1
-0.7735 -0.2008 1
2.3958 -0.0462 1
2.8188 2.2535 1
3.9199 3.4761 1
4.1513 0.9487 1
1.2897 2.7330 1
1.2580 2.0739 1
0.0421 2.3678 1
2.1013 0.9016 1
3.9170 0.9527 1
2.7362 3.1840 1
1.9473 1.9105 1
3.3930 3.4621 1
1.9205 1.3357 1
0.3918 1.1910 1
4.3346 0.3227 1
1.0705 0.5004 1
0.5803 1.9780 1
1.8701 1.5361 1
2.0490 2.1808 1
-0.3013 1.9509 1
0.8801 1.2321 1
1.2007 0.6269 1
-0.6709 1.6546 1
2.6303 1.5012 1
-0.0306 2.1813 1
3.7136 1.9731 1
4.4491 1.8100 1
2.3456 1.8671 1
3.0545 2.5112 1
3.2719 2.2272 1
3.2219 2.9941 1
1.7326 1.5396 1
-0.8011 2.9419 1
2.4451 1.1189 1
2.6682 3.7751 1
2.7865 2.7697 1
3.5222 2.5475 1
3.6184 1.5353 1
1.8444 0.4696 1
1.5595 1.7851 1
1.3942 1.6766 1
-0.4134 1.7803 1
3.3753 2.9858 1
1.8238 2.7239 1
1.6517 2.5898 1
2.6162 1.9446 1
-0.4278 -0.3144 1
2.8508 1.0692 1
2.8928 4.0512 1
3.1131 1.8518 1
3.2810 3.6638 1
1.8731 3.2071 1
2.3374 2.5018 1
0.5109 1.6595 1
0.9055 1.6336 1
0.9828 2.6819 1
0.5360 1.1877 1
2.4226 1.6755 1
1.0422 3.1388 1
1.4842 3.3770 1
0.7218 -0.9719 1
2.0773 2.1232 1
4.2054 1.1579 1
2.3153 0.9415 1
2.4777 3.0057 1
2.3812 1.2491 1
2.3317 3.4744 1
3.2859 1.5023 1
0.1674 1.9122 1
3.1664 2.3322 1
0.9439 1.0721 1
2.9791 1.9633 1
0.3226 1.1074 1
2.7117 2.4516 1
1.2835 2.4424 1
1.6155 0.7788 1
3.2937 1.8006 1
1.2400 3.8092 1
3.7009 2.4384 1
-0.0182 2.6990 1
2.0173 1.4437 1
-0.7281 3.6190 1
0.0239 3.2925 1
2.2459 0.9642 1
2.8990 1.2282 1
0.7751 1.7700 1
1.5434 1.0187 1
2.0588 2.4995 1
3.4859 1.1886 1
1.6923 0.6535 1
3.6734 3.3271 1
1.3579 3.4616 1
1.2145 1.2578 1
1.1441 1.9051 1
2.4091 1.6758 1
2.7079 2.5266 1
4.2672 1.4575 1
3.2994 2.0710 1
3.1391 2.7048 1
-0.8511 2.3077 1
0.1279 2.5846 1
2.6348 1.9610 1
3.0624 2.6587 1
3.9430 0.9382 1
3.2884 1.5418 1
2.1548 1.8075 1
1.9364 2.5067 1
1.9277 0.7112 1
5.0273 2.4114 1
1.7207 3.0615 1
1.7062 1.5110 1
4.6295 1.9633 1
4.3501 4.4759 1
0.4176 0.4384 1
1.9416 3.1839 1
1.1310 1.4690 1
0.0035 3.2190 1
0.9920 1.0441 1
3.3425 2.8636 1
2.3230 1.0368 1
1.6495 1.3893 1
1.6165 3.1641 1
2.8199 0.8450 1
-0.0277 2.2434 1
2.8788 1.4106 1
0.7424 0.2897 1
3.0959 2.6346 1
2.6705 2.6530 1
1.3474 2.0886 1
1.3075 1.4916 1
-1.0323 1.7243 1
2.6477 2.8277 1
0.4228 3.5290 1
3.9262 1.3733 1
1.0398 2.7253 1
1.9421 1.5243 1
1.2233 1.7282 1
3.8131 1.6874 1
1.7946 2.9966 1
4.0756 1.8770 1
1.1532 2.2763 1
2.9935 1.1809 1
5.6480 1.6522 1
3.3642 1.3824 1
3.1852 4.0758 1
1.5509 0.2689 1
2.8319 2.1412 1
-0.4006 3.5769 1
1.4550 0.7779 1
4.5952 2.4313 1
2.7203 2.5633 1
5.0206 2.4011 1
0.6435 -0.7705 1
1.1616 3.5464 1
1.1176 1.3557 1
4.0658 2.7060 1
1.2405 2.3045 1
2.0421 2.5014 1
2.1364 2.2879 1
0.2605 2.7022 1
2.7329 2.6801 1
2.9319 2.0444 1
1.8099 -1.1578 1
2.4055 -0.9300 1
2.4858 2.7560 1
2.9798 1.8803 1
3.1323 3.4422 1
1.6638 1.8754 1
3.8005 2.3215 1
5.3875 1.9799 1
2.5703 1.1766 1
2.4516 1.5654 1
-0.1640 -0.0535 1
2.5986 1.2095 1
1.8499 1.9210 1
1.2726 3.6419 1
1.7133 1.3969 1
0.5422 2.7433 1
1.3278 3.1852 1
2.7810 1.5721 1
2.5869 2.5854 1
0.8111 2.1685 1
2.5038 2.1225 1
2.8882 1.9278 1
4.0909 4.6935 1
1.5708 0.0784 1
2.5345 2.5070 1
2.3278 0.7867 1
2.4986 2.9073 1
0.7414 3.7740 1
0.8024 2.7278 1
-1.1129 0.5743 2
-0.9678 1.9170 2
1.6937 3.1278 2
0.9524 3.5480 2
-0.9068 1.4294 2
0.8586 0.9421 2
-0.9102 1.4577 2
-0.2443 4.0441 2
-1.1605 1.0130 2
0.0965 0.4699 2
-0.6030 1.4419 2
-0.4352 2.4944 2
-1.9526 3.9319 2
0.4483 1.1515 2
-2.0808 1.6465 2
-2.2631 0.9794 2
0.0985 2.0785 2
-0.2006 4.1962 2
-1.0692 1.5064 2
-0.9882 3.0801 2
-0.7208 0.1896 2
-1.6305 0.5767 2
-2.0200 0.5044 2
-0.4492 2.8603 2
-1.1206 0.9759 2
-0.8474 2.0495 2
-1.9197 1.1893 2
-1.0937 1.7556 2
-1.5822 2.0156 2
-0.8934 2.6595 2
0.1732 1.6660 2
-0.5564 2.7251 2
-2.6967 2.0245 2
-1.3007 2.2844 2
1.0225 1.7543 2
-0.2082 3.0097 2
-0.4199 2.5900 2
-2.1119 1.8981 2
-0.9449 1.8595 2
-1.6833 2.6734 2
-1.0124 0.6650 2
-1.5927 0.5733 2
-2.4487 2.7061 2
-0.5257 3.6386 2
-2.2283 2.5378 2
-0.4849 2.5781 2
-0.2978 2.5739 2
-0.9337 1.2566 2
0.0233 -0.4932 2
-1.9867 2.1056 2
-2.0270 2.2663 2
-1.9364 3.4037 2
-1.5481 1.1949 2
-1.3858 2.3850 2
-1.6593 0.7761 2
-1.4023 0.8370 2
-1.2738 1.7550 2
-1.7241 2.6104 2
0.0014 0.1438 2
0.8124 2.0657 2
-0.7392 0.6138 2
-3.0922 3.8169 2
-0.7650 3.2070 2
-0.3564 0.8500 2
-1.1215 2.0624 2
-1.0007 1.8757 2
-0.2765 1.1175 2
-2.0210 1.5111 2
-0.7281 1.3480 2
-1.2487 2.8705 2
-0.3814 1.4846 2
-3.7735 0.7510 2
-1.0975 2.4991 2
-1.9566 2.4564 2
-1.4545 2.4222 2
-2.2996 1.7513 2
-1.2256 2.4160 2
-1.7371 2.1729 2
-2.2061 1.5566 2
-3.4192 1.3023 2
-2.1174 2.4505 2
-1.7444 2.3278 2
-0.7197 1.6286 2
-0.7967 4.1411 2
-1.4240 0.7778 2
-1.6126 2.2674 2
-0.5201 1.8483 2
-1.0891 1.8552 2
-3.4798 2.5194 2
-0.8611 2.4311 2
-0.0368 2.6832 2
0.0789 2.0159 2
-1.5264 2.5801 2
-2.5382 3.2042 2
-1.3335 2.3877 2
-1.6811 2.0236 2
-0.1795 1.0013 2
-2.3241 1.8197 2
-1.9804 3.4009 2
-1.2505 1.8882 2
