3.7584 -1.4952 0
-1.4012 -1.2137 0
-0.6336 -0.5972 0
2.8455 -0.3023 0
2.2512 -1.5804 0
1.4942 -3.3530 0
-1.0678 -2.4009 0
-0.7512 -1.2306 0
-1.8279 -2.4604 0
2.1491 -0.6593 0
6.3121 0.4443 0
-2.0964 0.0333 0
-0.1643 -1.5707 0
-1.5095 0.0170 0
0.6230 -1.2796 0
2.4775 -2.8385 0
-0.9363 -4.5050 0
2.3034 -0.8886 0
-0.6627 1.0707 0
-0.6766 -1.8267 0
0.0495 -3.1232 0
-1.6697 -1.7346 0
3.0921 -1.9438 0
1.6913 -1.7351 0
-3.5113 -2.7092 0
1.4233 -1.1680 0
1.4292 -1.1289 0
2.6554 -1.9085 0
3.6300 -3.0882 0
0.8811 0.1272 0
2.7893 -1.8603 0
2.2700 -1.7735 0
4.5166 1.0242 0
0.6187 -2.2911 0
0.8974 -1.8781 0
1.9220 -0.6448 0
-0.8370 0.7119 0
-2.2683 -1.9242 0
2.6016 -0.9504 0
1.3151 -2.2540 0
2.7723 0.0731 0
-2.1328 -1.8792 0
2.9853 -1.4526 0
3.7587 -1.3612 0
0.5684 -1.4070 0
-1.2762 -1.2621 0
0.4468 -1.5141 0
-1.2672 -3.1982 0
2.3399 -2.7724 0
-0.4617 -0.1948 0
2.4217 1.2301 0
2.3548 -3.0667 0
2.0778 -0.6350 0
1.7098 2.0164 0
-0.6485 1.0293 0
-1.3598 -3.8610 0
2.7205 -4.9278 0
2.7884 0.5005 0
3.4699 -1.9030 0
0.6632 -0.1723 0
2.3306 -1.4786 0
-0.3406 -1.0239 0
2.0932 -0.6976 0
1.2949 -0.8611 0
-2.9241 -2.0686 0
2.5091 0.8939 0
2.8371 1.3584 0
1.9232 -1.0539 0
-0.3051 0.3324 0
-0.6969 -1.7048 0
2.2697 -0.6337 0
1.2882 -2.1269 0
0.4458 0.0979 0
0.9121 0.9479 0
0.6058 -1.5083 0
1.3538 -2.0045 0
3.7357 -0.3065 0
3.4538 -1.5119 0
1.6458 -0.6424 0
0.4633 -1.2262 0
5.8388 -1.0618 0
3.2462 -1.1841 0
-0.8237 -0.2949 0
0.9383 -0.5422 0
4.7949 -0.5989 0
0.2039 -2.3244 0
0.6488 -1.8215 0
-0.8862 0.1272 0
2.4912 0.9617 0
1.6390 1.7222 0
2.5882 -1.0023 0
1.1281 -2.2959 0
5.4613 -1.9356 0
-0.8640 -1.8977 0
2.0193 0.9909 0
0.3014 -0.3281 0
-0.2703 -2.6552 0
1.2009 -1.0177 0
2.0057 -2.6917 0
0.6943 -3.6191 0
3.7033 -2.1234 0
2.3035 0.0659 0
-2.4356 0.8397 0
-0.3602 -0.7640 0
6.5584 0.8950 0
-4.4299 -1.1484 0
0.8810 -0.2758 0
-0.1448 -1.1726 0
2.2842 -0.6121 0
4.8219 -3.5263 0
-1.4740 -2.1406 0
-0.3129 0.8133 0
-1.1469 -2.2427 0
0.9365 -2.9006 0
1.5887 0.2842 0
1.8229 -5.1900 0
6.6352 -1.8222 0
-1.5030 -1.2165 0
1.3667 -3.0694 0
1.4879 -4.4104 0
0.5740 0.3717 0
3.1747 0.4954 0
3.0863 -0.8351 0
1.7904 -1.0388 0
-2.0297 -0.3065 0
3.3950 -4.9124 0
-0.6027 -0.3307 0
1.2078 -2.0163 0
-1.8201 -4.0497 0
3.4534 -3.0749 0
0.7359 -1.9337 0
-3.2142 -1.6417 0
1.9538 -0.3473 0
3.2840 -2.5522 0
0.3736 -2.0013 0
-0.7245 -0.9480 0
1.2307 -1.1301 0
1.6363 -0.6117 0
2.6573 -3.8468 0
1.3901 -1.8606 0
4.4650 0.1948 0
2.5900 -3.5538 0
1.7602 -2.1260 0
5.2543 -0.3879 0
3.7453 0.0356 0
3.3679 0.3631 0
0.5355 -1.1423 0
3.0617 0.2309 0
0.4263 -1.8175 0
0.3460 -2.7609 0
4.3694 -1.0507 0
1.2821 -0.6180 0
1.1832 0.5187 0
4.3015 -0.1210 0
0.8088 0.6445 0
1.1775 -0.7858 0
-2.5409 -0.4769 0
0.1958 -1.8794 0
1.4184 -3.5389 0
3.2935 -0.1098 0
5.4579 -0.6771 0
1.4064 -0.6604 0
5.5667 -3.6619 0
-0.9916 -1.2905 0
0.3610 0.9675 0
1.3837 -3.9820 0
2.0833 0.0121 0
2.4913 -1.5291 0
2.6395 0.9833 0
-1.0245 -4.0028 0
-2.6429 -2.7021 0
-2.8435 -3.4834 0
-0.8802 -2.2347 0
1.7254 0.0683 0
3.1071 -0.5961 0
0.6490 0.3961 0
-1.8100 1.1227 0
0.7653 -0.6962 0
2.8751 -2.1456 0
4.4799 -1.2241 0
1.1481 -1.2063 0
0.4080 -3.2211 0
-2.4093 -1.1539 0
-0.9875 -0.9593 0
3.5013 -1.4615 0
8.8315 -0.1724 0
1.4869 0.5097 0
5.4298 -0.9217 0
2.3563 -2.8970 0
4.9392 -2.5175 0
-0.8321 -0.0411 0
4.7367 -1.1147 0
0.3985 -0.8497 0
4.9721 -1.7049 0
4.5637 0.5370 0
-4.2853 -1.8432 0
6.1755 0.4176 0
-2.1790 0.5214 0
1.0593 -0.4963 0
1.1886 -0.2145 0
-0.4968 -2.4607 0
2.8562 -1.5476 0
1.9875 -0.8813 0
-0.8159 -3.2723 0
-0.5227 -1.6782 0
7.9517 -1.1235 0
2.0332 -0.3739 0
0.1851 -1.3392 0
3.1859 0.3108 0
3.1756 -2.7104 0
3.0062 -1.8106 0
1.8166 -1.8005 0
2.2106 -0.0835 0
-0.3513 -0.6317 0
2.2829 -2.0637 0
2.0376 -1.3537 0
-0.3392 -1.7774 0
4.3045 -2.1033 0
-2.3083 -2.8926 0
4.3609 -1.3281 0
-2.4437 -1.4545 0
1.0649 -3.4669 0
4.8454 -0.8721 0
2.4674 -0.5546 0
3.8148 0.5146 0
-1.3156 -3.6608 0
0.9915 -1.6442 0
-1.7508 -1.2034 0
-0.6169 -1.5172 0
0.5038 1.7098 0
-2.8994 -4.0285 0
0.6158 -0.9472 0
4.0027 -2.0355 0
0.9550 0.0945 0
0.3904 -1.9005 0
4.1578 -3.8895 0
-1.8600 -2.3180 0
3.3714 -0.5385 0
1.6940 -1.2043 0
0.1006 -2.0244 0
3.8803 -1.1654 0
1.5042 -2.7349 0
4.1113 -2.4188 0
-0.5122 0.5535 0
-1.2158 -2.7569 0
3.2249 -2.8308 0
-2.5320 -2.2823 0
1.6496 -1.8565 0
1.2712 -2.7018 0
3.0107 -2.3370 0
6.7433 -0.3219 0
-0.2813 -0.0082 0
-2.1109 -0.2179 0
1.5862 -0.4256 0
2.5757 0.0246 0
2.4628 -4.3843 0
1.5619 -1.1075 0
4.0570 -0.2780 0
-0.9892 -3.0772 0
-0.3071 -0.1555 0
3.6823 -1.6089 0
4.0198 -1.7668 0
1.4503 0.4401 0
3.1410 -3.2304 0
8.6103 -1.4402 0
4.4057 -0.6505 0
1.2075 -3.4674 0
0.7207 -1.5756 0
2.1371 -1.8712 0
-0.7257 -0.5817 0
0.9230 0.3663 0
1.4033 -1.0140 0
0.3427 -1.6960 0
3.9389 1.5275 0
-0.4249 -3.2235 0
3.8417 -2.4713 0
4.8504 -0.3575 0
-1.9060 -0.9912 0
-1.9219 -2.1288 0
1.0413 -2.5524 0
1.3035 0.2956 0
-0.2336 0.0676 0
2.2837 0.1649 0
-1.8145 -0.7333 0
4.5634 -0.4984 0
1.0478 -2.1928 0
3.9129 -2.1069 0
-1.0825 -1.2681 0
-1.9806 -4.0794 0
0.3358 0.9418 0
-2.5127 -2.3578 0
-2.2028 -0.0236 0
-1.1683 -1.1622 0
-0.8810 -0.1449 0
3.2181 -4.8411 0
-1.1963 0.0375 0
-0.1249 -1.9170 0
2.5998 -3.2964 0
-2.1359 -1.6630 0
-0.3649 -1.8567 0
6.1272 4.4096 1
0.9225 4.4751 1
3.2166 2.5839 1
2.9492 1.9698 1
4.0862 3.8376 1
3.4018 2.5639 1
2.4959 2.5683 1
-0.3422 2.0760 1
0.6765 3.2628 1
1.5526 3.0884 1
3.1908 3.0474 1
3.7636 3.5268 1
2.0776 0.3971 1
4.9889 2.1920 1
1.9678 3.4260 1
3.2996 4.5607 1
3.4335 3.6219 1
1.9141 2.6271 1
1.6136 2.3607 1
3.0121 3.1090 1
1.6802 4.1768 1
4.3277 1.8720 1
2.4660 0.7980 1
2.8297 3.5408 1
5.6230 2.6610 1
3.4614 2.9674 1
2.9374 3.3830 1
2.3285 1.2878 1
1.3093 2.3844 1
3.3844 4.1811 1
3.9219 2.2994 1
5.4171 4.7214 1
5.7488 2.2131 1
6.0599 3.1894 1
5.4034 4.6339 1
4.1821 2.0612 1
2.6719 1.8605 1
3.0085 3.9101 1
4.1965 2.8596 1
4.0964 2.8992 1
-0.8923 0.1214 1
1.7088 2.8097 1
3.7877 4.1676 1
1.4130 1.7966 1
3.2356 2.4369 1
2.3330 3.0511 1
2.9433 3.4203 1
2.0060 4.2943 1
4.2186 3.1710 1
-0.3170 1.7267 1
1.4518 1.7265 1
2.0100 2.6380 1
2.4756 2.6103 1
1.1848 2.6153 1
3.1423 3.5059 1
4.4236 0.9403 1
5.2357 2.7155 1
0.1633 4.7331 1
4.8519 3.5215 1
3.9027 3.4290 1
4.7292 3.6952 1
4.3368 2.0697 1
4.2908 1.2377 1
2.2088 1.9934 1
0.7427 3.4048 1
1.3361 2.2791 1
0.8806 3.9207 1
3.5262 3.1796 1
0.9064 2.7725 1
3.7767 4.2526 1
1.4355 1.8176 1
2.3475 2.9126 1
1.5176 1.9868 1
0.9348 3.5529 1
3.6045 2.5816 1
4.3672 4.7108 1
4.3757 3.0898 1
0.1309 3.2721 1
2.4797 3.1774 1
3.5080 1.7279 1
2.3611 1.7588 1
0.2362 0.8550 1
3.3662 3.1254 1
3.8134 3.2136 1
1.7102 4.2445 1
2.7419 2.9753 1
2.4197 2.9724 1
3.9975 3.2328 1
1.1623 2.7890 1
2.9643 2.8953 1
2.0505 3.2728 1
2.3655 2.5849 1
6.3829 3.0548 1
3.1807 2.1424 1
2.1661 1.9612 1
5.9374 4.4190 1
3.2956 3.0830 1
5.5469 3.1476 1
3.1665 3.1196 1
1.8186 2.1471 1
2.9820 4.7201 1
2.9157 4.4485 1
5.4762 3.3156 1
1.1007 3.3536 1
0.8951 2.2444 1
3.2227 0.6881 1
4.8585 3.9026 1
3.7026 4.0021 1
3.3053 3.6195 1
4.3660 2.2221 1
1.3442 3.2637 1
2.8114 3.8208 1
1.5063 3.8732 1
3.5819 2.3757 1
2.8502 3.3360 1
5.2609 1.2205 1
2.1829 4.0841 1
2.8533 2.7246 1
2.6846 3.1619 1
4.3561 3.5470 1
1.2415 3.0756 1
3.0406 3.7758 1
2.3144 1.8549 1
0.9971 3.4508 1
2.4079 3.3704 1
2.7943 2.2375 1
2.0629 2.8761 1
1.4892 2.2017 1
4.2111 2.3721 1
1.5182 2.6900 1
3.9780 1.9387 1
-0.6148 2.4146 1
3.9475 2.7266 1
1.3932 2.4151 1
4.5077 3.2098 1
0.4621 3.7686 1
1.2539 1.9987 1
5.0783 3.0284 1
3.5714 3.1196 1
1.8065 2.2151 1
4.2775 2.1570 1
1.8944 3.2003 1
1.9758 1.5249 1
3.4289 4.3713 1
2.2117 4.0289 1
1.5096 3.4480 1
3.8776 3.0558 1
2.1185 5.1764 1
1.9771 2.7091 1
2.6585 3.3668 1
3.1332 3.7581 1
0.9977 5.0753 1
0.7985 2.8922 1
4.0836 2.0082 1
1.3684 3.9192 1
0.8342 2.9110 1
2.9625 2.9304 1
2.1984 0.8015 1
5.8827 1.0892 1
3.6309 3.0051 1
1.3039 2.7232 1
2.2697 2.7450 1
3.8845 2.0795 1
2.6458 2.9025 1
4.5826 2.7487 1
4.6542 2.4707 1
1.1844 3.0267 1
2.4358 1.9450 1
3.5762 4.3319 1
4.0707 2.5850 1
1.8447 3.9538 1
1.2262 2.8811 1
3.7979 3.5155 1
2.3196 2.6536 1
3.1813 3.7989 1
0.5513 0.8579 1
3.2321 1.4697 1
2.9523 2.6850 1
0.0381 2.9728 1
4.1975 4.7916 1
5.0309 4.0878 1
0.3744 2.9012 1
1.8722 3.3347 1
3.0991 3.3308 1
4.9545 3.9761 1
3.7607 4.0257 1
3.4175 3.0095 1
3.3974 2.2996 1
2.2505 2.6306 1
4.4975 2.8604 1
3.1325 3.4521 1
2.7611 2.5121 1
2.1579 5.0959 1
3.8743 0.3666 1
4.7025 2.6859 1
1.0960 3.8669 1
3.6317 3.3509 1
3.3702 1.8263 1
2.8045 3.3325 1
4.4464 3.5173 1
-0.0240 2.5916 2
-2.3535 3.6934 2
-0.4865 2.9442 2
-2.3272 2.7562 2
-2.4302 5.1380 2
-2.6426 4.0698 2
-1.9117 2.6311 2
-2.1998 4.9233 2
-0.0740 3.8257 2
-3.8501 3.4760 2
-3.5199 1.3561 2
-3.3822 3.5588 2
-2.2352 3.4798 2
-1.6960 2.9486 2
-0.9443 2.7532 2
-2.5366 1.9619 2
-1.6859 2.3490 2
-3.3258 4.6401 2
-2.7877 3.4476 2
-2.9828 3.6127 2
-3.4721 2.8248 2
-1.9879 3.5435 2
-2.6883 1.7815 2
0.0395 2.8837 2
-2.6086 3.0341 2
-1.2385 5.2399 2
-0.6329 3.6379 2
-1.3754 2.6095 2
-2.3112 2.8592 2
-3.4322 3.3921 2
-1.7321 2.7689 2
-3.4901 3.2590 2
-1.3031 3.2463 2
-3.4481 2.6968 2
-2.7342 3.5425 2
-2.8938 3.9941 2
-3.0558 4.0640 2
-0.5192 2.6008 2
-3.2252 3.8751 2
-1.4499 2.8131 2
-2.6656 3.8664 2
-1.5857 3.1252 2
-4.3909 2.9862 2
-3.3992 3.0894 2
-2.8547 1.5133 2
-3.2221 2.9886 2
-2.8136 2.9891 2
-0.7215 4.3149 2
-2.4919 2.1487 2
-3.3208 2.8799 2
-1.6506 3.7048 2
-1.4235 0.7012 2
-2.0684 2.5156 2
-2.1901 1.6755 2
-2.7962 3.2857 2
-3.3121 1.1722 2
0.0917 2.0955 2
-2.1458 2.9082 2
-3.0795 4.3545 2
-1.5811 2.4933 2
-2.3763 2.7108 2
-1.7295 1.2624 2
-2.4471 2.2283 2
-0.3034 3.7154 2
-1.5905 1.5982 2
-1.1905 4.2048 2
-1.6722 3.8996 2
-2.6876 2.6442 2
-3.0726 2.6368 2
-2.7159 5.6678 2
-3.4783 3.2465 2
-0.5724 2.7989 2
-2.6796 4.1338 2
-2.7716 2.8682 2
-2.3489 3.1374 2
-2.6261 2.5513 2
-1.2808 2.9589 2
-2.6019 2.3722 2
-2.4139 2.6723 2
-3.1612 3.0993 2
-0.8889 2.1973 2
-0.3335 3.4404 2
-2.9980 3.5733 2
-3.9347 3.8943 2
-1.9693 -0.6785 2
-0.9093 2.1452 2
-1.3989 2.4629 2
-2.4192 2.9918 2
-1.7604 2.8915 2
-2.2342 2.5149 2
-3.2866 3.3489 2
-3.0050 2.4434 2
-0.6071 1.9810 2
-2.4753 4.0249 2
-2.6018 3.3207 2
-2.1548 3.0669 2
-1.2274 3.4854 2
-0.5685 2.3042 2
-0.7904 1.8206 2
-1.8879 2.2247 2
-1.4074 2.9940 2
-0.2997 4.0343 2
-1.4956 0.7810 2
-1.8057 2.7458 2
-1.9576 4.1591 2
-0.8124 2.8928 2
-2.6986 1.8244 2
-2.7947 2.4528 2
-2.6895 3.2920 2
-1.2273 1.3219 2
-3.1084 5.2979 2
-0.5078 2.3512 2
-4.1825 3.0806 2
-2.0998 2.8953 2
-3.0815 3.2944 2
-1.0668 2.2982 2
-2.2068 2.4407 2
-2.8444 3.1884 2
-2.4057 2.0811 2
-1.8301 5.3855 2
-0.7853 4.6361 2
-0.8364 3.0294 2
-1.5955 1.4561 2
-2.0706 3.8576 2
-1.3260 3.1910 2
-2.9036 3.4063 2
-2.9174 2.4367 2
-1.3818 4.2485 2
-2.0093 3.6559 2
-1.5434 3.2462 2
-2.1160 0.5047 2
-1.6378 3.0304 2
-0.6762 4.3882 2
0.2158 3.9458 2
-1.1959 4.3898 2
-0.4009 3.3882 2
-2.2670 2.1026 2
-1.1437 4.4576 2
-0.3192 3.1601 2
-1.5018 5.0991 2
-2.0051 2.0793 2
-2.3957 3.3811 2
-2.5407 3.3418 2
-3.7602 3.1312 2
-1.6387 4.4849 2
-3.4235 2.9725 2
-3.7502 3.2110 2
-2.8486 1.9818 2
-0.6780 2.8641 2
-3.1539 1.2890 2
-2.0780 2.3380 2
-1.8538 3.0311 2
-1.3985 2.4127 2
-2.6225 2.9625 2
-2.0026 1.4995 2
-3.4733 4.5166 2
1.2073 2.8380 2
-2.2596 2.5386 2
-2.0705 2.8264 2
-2.3495 2.3812 2
-1.8803 0.9905 2
-2.8700 2.1606 2
-3.0096 5.0710 2
-3.1566 3.1765 2
-1.8124 2.6606 2
-1.3814 3.3491 2
-2.1374 1.9158 2
-2.0756 1.5229 2
-1.7813 3.4375 2
-1.9197 1.1351 2
-1.1382 3.5067 2
-2.0016 2.7576 2
-1.5249 2.2332 2
-1.7893 4.5443 2
-0.2363 1.2416 2
-1.9982 3.0339 2
-1.8289 3.7599 2
-0.9259 3.6963 2
-4.9971 2.5997 2
-0.8432 4.7747 2
-3.7846 2.4602 2
-1.2582 2.0987 2
-3.1247 5.3707 2
-1.8722 3.0944 2
-2.5831 1.9402 2
-0.3610 4.1144 2
-2.0970 2.2522 2
-1.0472 2.4621 2
-1.1165 2.7603 2
-2.5852 4.6762 2
-2.6234 2.8752 2
-1.7671 4.1028 2
-2.4225 4.3053 2
-3.8033 1.1812 2
-2.9929 2.6247 2
-1.0989 4.1643 2
-2.8209 3.0590 2
-0.0081 4.5432 2
-2.4150 3.2403 2
-2.7050 3.6358 2
-0.1412 -4.5306 3
-1.3945 -3.9037 3
1.2440 -4.7169 3
0.1478 -3.7130 3
3.7270 -5.2809 3
1.4739 -4.1953 3
-1.5215 -3.0917 3
1.1375 -4.7345 3
0.8949 -4.6199 3
2.3819 -4.8429 3
-0.6330 -4.0488 3
0.2981 -2.2378 3
0.7977 -2.6701 3
0.8773 -5.4500 3
3.3578 -4.6470 3
0.5245 -2.6916 3
2.2702 -3.3961 3
1.5270 -2.0052 3
2.7107 -3.0100 3
1.2328 -6.1714 3
1.4186 -4.4233 3
2.8726 -4.0815 3
0.8231 -4.2534 3
1.6549 -4.2716 3
1.7413 -2.5388 3
1.2345 -3.1401 3
1.7808 -3.2018 3
-0.4429 -4.6793 3
1.4826 -3.4547 3
1.2158 -6.3727 3
0.0820 -5.9303 3
2.7486 -5.5239 3
1.1660 -3.1384 3
0.1429 -5.2591 3
0.8718 -6.1847 3
0.9015 -4.6529 3
1.3975 -6.0198 3
1.6510 -3.0071 3
0.1344 -3.6203 3
0.9508 -2.4066 3
1.7656 -4.0714 3
-0.7161 -5.3422 3
0.5351 -4.8360 3
0.3383 -2.8589 3
1.1907 -2.9787 3
1.0231 -4.1230 3
0.3184 -5.1889 3
1.1527 -2.5893 3
0.9380 -3.2488 3
0.0154 -4.3238 3
0.9812 -3.7705 3
0.9613 -4.0191 3
0.7782 -3.4937 3
1.4083 -4.3906 3
0.1720 -4.7615 3
2.7029 -3.6685 3
1.9220 -3.1755 3
1.0956 -3.6552 3
1.4184 -5.5050 3
1.4309 -4.6749 3
0.2659 -3.7115 3
3.7859 -5.6875 3
-1.0359 -3.8968 3
-0.9970 -4.1432 3
-1.0863 -3.5503 3
0.9411 -4.9273 3
2.2153 -3.8100 3
1.6287 -5.1738 3
1.3730 -5.1411 3
3.3751 -3.0748 3
1.1834 -2.9081 3
1.1593 -4.1785 3
1.1533 -5.7955 3
0.5577 -3.7748 3
0.2666 -1.9076 3
0.6386 -3.7478 3
2.9879 -3.2049 3
3.1483 -3.8389 3
-0.5120 -6.4822 3
-0.2492 -3.7847 3
1.9363 -3.0015 3
-0.3341 -4.6808 3
1.4488 -6.2237 3
0.0890 -3.7819 3
1.1631 -3.0761 3
1.0889 -4.3345 3
0.0808 -3.7090 3
0.6972 -3.2464 3
-0.3769 -2.2222 3
0.2751 -4.4190 3
1.7054 -3.3645 3
1.5289 -4.6193 3
-1.1721 -4.1891 3
1.6939 -3.5734 3
1.9400 -4.3829 3
0.1964 -5.2162 3
1.5653 -3.7862 3
0.9377 -4.0845 3
0.7085 -4.4165 3
1.6570 -4.7845 3
2.5163 -2.4869 3
2.7194 -2.7645 3
0.4165 -3.0618 3
0.8938 -3.8825 3
1.4643 -4.2224 3
0.9988 -3.2610 3
1.9494 -3.2100 3
3.5363 -1.8707 3
1.1007 -3.8615 3
1.4314 -3.3500 3
2.6201 -4.6835 3
0.3990 -4.1060 3
4.0358 -2.6610 3
-0.5832 -3.8706 3
-0.8299 -3.5596 3
0.8197 -2.6569 3
2.3556 -2.2701 3
1.3855 -3.3045 3
2.2221 -3.3006 3
0.2459 -4.8733 3
1.5646 -5.5983 3
2.7132 -4.8859 3
2.2548 -4.1711 3
-0.5006 -3.7144 3
0.7108 -5.3049 3
2.1053 -3.8688 3
0.9490 -2.2540 3
-0.4698 -2.4349 3
1.7364 -3.5812 3
-1.5377 -3.4749 3
0.6818 -2.3630 3
0.9392 -5.4319 3
0.4515 -4.4533 3
1.3736 -4.3024 3
2.1339 -3.2348 3
0.4349 -2.0694 3
1.2822 -4.9984 3
0.4201 -2.5953 3
2.3209 -3.0900 3
0.0519 -4.7386 3
0.5316 -2.4163 3
0.9995 -3.3119 3
-0.5375 -6.3351 3
0.9294 -3.4711 3
1.1633 -3.6032 3
0.8147 -3.7822 3
1.4457 -4.3521 3
-0.2806 -4.2945 3
2.2873 -6.3612 3
0.3575 -4.0026 3
-0.4398 -2.4076 3
0.8144 -3.6827 3
0.2112 -4.6107 3
0.8824 -4.4773 3
0.4462 -4.9233 3
1.5940 -5.4854 3
2.1663 -3.6304 3
0.7630 -3.4077 3
-0.3315 -4.1806 3
-0.1083 -4.0750 3
0.3501 -5.1701 3
-0.0598 -3.7163 3
0.2219 -5.2510 3
1.0890 -3.6384 3
0.8374 -5.3338 3
2.1108 -4.0815 3
2.3924 -4.1358 3
1.9044 -5.6873 3
0.6075 -4.4794 3
2.7354 -4.5981 3
-0.2650 -4.5642 3
0.2193 -4.0574 3
-0.0238 -4.9831 3
1.7197 -6.2877 3
1.6874 -3.0642 3
1.9314 -5.6843 3
-0.5069 -4.1593 3
1.0270 -5.5967 3
2.0788 -2.3394 3
0.3421 -4.3748 3
2.7723 -3.6978 3
1.2876 -3.8351 3
-1.0302 -5.0423 3
2.2984 -5.1718 3
2.0760 -3.3849 3
0.0952 -3.2505 3
1.5110 -2.0992 3
1.1527 -3.8510 3
-0.1215 -2.0744 3
-1.2136 -3.8798 3
1.3651 -3.5706 3
1.4466 -4.0792 3
2.6242 -2.8510 3
1.9890 -1.5572 3
0.3045 -4.2127 3
1.1840 -5.3560 3
2.2079 -4.4225 3
1.1045 -3.5999 3
0.9832 -4.9840 3
1.3182 -5.1367 3
4.0276 -2.4187 3
4.5834 -1.4693 3
3.7057 -1.3761 3
4.6901 -1.3492 3
2.5504 -4.5697 3
3.9243 -4.2631 3
4.3029 -3.5262 3
4.4183 -3.1855 3
1.9481 -4.0214 3
4.1841 -4.0746 3
4.5875 -1.7999 3
5.4182 -0.6481 3
5.4645 -3.1936 3
3.5342 -1.2196 3
3.4816 -1.8773 3
2.6400 -1.5033 3
4.0206 -3.1063 3
5.2999 -3.1742 3
4.5723 -0.8629 3
3.9588 -2.0861 3
5.0470 -0.6275 3
3.9135 -2.6599 3
2.8318 -2.7045 3
5.5646 -3.8323 3
3.2773 -3.4404 3
3.0005 -1.9289 3
3.8873 -2.4559 3
4.0428 -1.8222 3
2.3793 -1.8983 3
3.1770 -2.6953 3
3.3746 -3.3222 3
2.1058 -2.1706 3
4.4203 -2.5407 3
2.5803 -1.6853 3
5.2039 -2.1393 3
5.7136 -2.3509 3
4.2370 -2.1558 3
4.7651 -1.5573 3
4.9049 -1.8560 3
4.9051 -1.0849 3
3.7907 -2.4434 3
2.0734 -0.8733 3
4.2724 -2.9113 3
4.5517 -0.2666 3
4.5886 -1.2810 3
5.0957 -1.5517 3
5.1168 -2.5714 3
3.8201 -3.5220 3
3.6803 -2.1862 3
3.5591 -2.2841 3
2.2926 -2.0617 3
5.0126 -1.1032 3
3.9094 -1.2637 3
3.7823 -1.3867 3
4.4308 -2.0959 3
2.1860 -4.1579 3
4.5555 -2.9877 3
4.7224 -0.0050 3
4.7760 -2.2214 3
4.9776 -0.4183 3
3.9664 -0.7832 3
4.2604 -1.5197 3
2.9371 -2.2432 3
3.2134 -2.2950 3
3.3161 -1.2506 3
2.9330 -2.7172 3
4.2823 -2.3526 3
3.3789 -0.7971 3
3.7007 -0.5876 3
2.9641 -4.8915 3
4.0600 -1.8817 3
5.5122 -2.9878 3
4.1729 -3.0804 3
4.3823 -1.0244 3
4.2335 -2.7768 3
4.3012 -0.5457 3
4.8814 -2.5826 3
2.7071 -1.9677 3
4.8356 -1.7439 3
3.2145 -2.8597 3
4.6869 -2.1010 3
2.7792 -2.7836 3
4.5213 -1.5946 3
3.5165 -1.5101 3
3.6733 -3.1974 3
4.9006 -2.2845 3
3.5489 -0.1388 3
5.2164 -1.6727 3
2.6128 -1.1679 3
3.9865 -2.5581 3
2.1560 -0.2002 3
2.6698 -0.5764 3
4.1252 -3.0532 3
4.5967 -2.8316 3
3.1280 -2.1499 3
3.6337 -2.9525 3
4.0644 -1.5037 3
5.0076 -2.9098 3
3.7216 -3.3279 3
5.2380 -0.7811 3
